2.933285787657028365e+01 2.053166888391595180e+01 1.625577199009260099e+01 1.364878275050507561e+01 1.188433669673767312e+01 1.061087877586822792e+01 9.656165045459836449e+00 8.916417486231900114e+00 8.329599738751740645e+00 7.849704269571428306e+00
3.080647198858328295e+01 2.170009477211899807e+01 1.725709279221889858e+01 1.452959245747930161e+01 1.267145420044079884e+01 1.132415538324967663e+01 1.030931249896302759e+01 9.521045661571243102e+00 8.891061329624255549e+00 8.380659124721596243e+00
3.228530227376371187e+01 2.288380903279342604e+01 1.827156174745653416e+01 1.542478918481705641e+01 1.347458339834828678e+01 1.205539061637561637e+01 1.098331827025845975e+01 1.014261453685857006e+01 9.473790947643518479e+00 8.929145350804486014e+00
3.376757672336353266e+01 2.407101620032895894e+01 1.929588869661924022e+01 1.633248837754838689e+01 1.429500979812988426e+01 1.280417453893227808e+01 1.166841499428964646e+01 1.078266708200688129e+01 1.007435146694057337e+01 9.496198607846761064e+00
3.525499063279681877e+01 2.526895097450136873e+01 2.032944505237785648e+01 1.725124516182406964e+01 1.512492349986512785e+01 1.356155829927897827e+01 1.237123218477962183e+01 1.143934533093287875e+01 1.069107766868716780e+01 1.007797811474719651e+01
3.675023612835281739e+01 2.647104339609541057e+01 2.137185281908542933e+01 1.818036234925650163e+01 1.596345386386485465e+01 1.433440741290054099e+01 1.308973335201429578e+01 1.211049057701487541e+01 1.132136845283822701e+01 1.067340001876458899e+01
3.823651832829431640e+01 2.768235164852908525e+01 2.241923912367436245e+01 1.911340022533648408e+01 1.681046818979594804e+01 1.511717949195641530e+01 1.381896285629277088e+01 1.279294499174242006e+01 1.196647147952750245e+01 1.128352842156226821e+01
3.971633915294751205e+01 2.888626171960281752e+01 2.346752885611295980e+01 2.004940576223990334e+01 1.766656399528087817e+01 1.591126426292986906e+01 1.456109809197345939e+01 1.348541667300112401e+01 1.261934183052774650e+01 1.190225766588061518e+01
4.119471667685061078e+01 3.008567915009240323e+01 2.452025748880300426e+01 2.098796912163793493e+01 1.852746080189698219e+01 1.671470743963614325e+01 1.530523443788877103e+01 1.418837606475702806e+01 1.328062940087369448e+01 1.253017455723549034e+01
4.266251576192980366e+01 3.129291700312937863e+01 2.556235778963601035e+01 2.192847141001229616e+01 1.939228826427431684e+01 1.751803394702590566e+01 1.605608272525085312e+01 1.489345176480975041e+01 1.394763038524093623e+01 1.316335058057087615e+01
4.412430137000806951e+01 3.248838792349739180e+01 2.659557181864539643e+01 2.287488942560373317e+01 2.026442000891859507e+01 1.832040063459867341e+01 1.680986950511158184e+01 1.560486279634869433e+01 1.461929442154510639e+01 1.380146173483959515e+01
4.556892215904882448e+01 3.368411794165324835e+01 2.763397468466124351e+01 2.381201914188607560e+01 2.113425062000852250e+01 1.912511810210214236e+01 1.756394320253564345e+01 1.631499905643836001e+01 1.529419043191848004e+01 1.444674602022033838e+01
4.699768222155955755e+01 3.486399109952215269e+01 2.867051841309983118e+01 2.475785065977730426e+01 2.199531829733296462e+01 1.992918263413761792e+01 1.831867399866761659e+01 1.702798945273810816e+01 1.597086475854368715e+01 1.508932743851624281e+01
4.841164696454961103e+01 3.603539750403407282e+01 2.969570890131285168e+01 2.568733524789639233e+01 2.285304357595787650e+01 2.073115437963505769e+01 1.907115371115445512e+01 1.773914528534951529e+01 1.664716995960960588e+01 1.573550791052663556e+01
4.982247373610309893e+01 3.720142964849645750e+01 3.071234444943038966e+01 2.661457225868819165e+01 2.370710188897244564e+01 2.152613203536875019e+01 1.982106052117451256e+01 1.844645652050594720e+01 1.732057245490841169e+01 1.637599926673225781e+01
5.119439412288021884e+01 3.834896819893991449e+01 3.173062590487518264e+01 2.753614485741968210e+01 2.455183354606668544e+01 2.231477813333986759e+01 2.056522298802540405e+01 1.914955313314516161e+01 1.798937155881992922e+01 1.701720981501062369e+01
5.254502760398850114e+01 3.948565147850523971e+01 3.272867811601430077e+01 2.844239592225796898e+01 2.538746247802281530e+01 2.309849813079087610e+01 2.130151600993781358e+01 1.984723748758530704e+01 1.865162252837482981e+01 1.765316629466600773e+01
5.386949009623081963e+01 4.059380803623183454e+01 3.372063074255295589e+01 2.934186804812364358e+01 2.621489058569206776e+01 2.387007337628854486e+01 2.203075262211259400e+01 2.053693559415840397e+01 1.930963156030018624e+01 1.828629243920376268e+01
5.516956689636977273e+01 4.170183290282001565e+01 3.470051910917043614e+01 3.022769741328116311e+01 2.703898469782159353e+01 2.463307413425145853e+01 2.274342514232968071e+01 2.121790604625272536e+01 1.996114057555616128e+01 1.891264107076892742e+01
5.644405256934895476e+01 4.278370752057955428e+01 3.565522419986184843e+01 3.109557024293658145e+01 2.784323449593394528e+01 2.539066452974664401e+01 2.345474069357951663e+01 2.188946548630833533e+01 2.060587746921613572e+01 1.952821896717685135e+01
5.769815172176806328e+01 4.384654972875635082e+01 3.659323426407582502e+01 3.194421148439821678e+01 2.863296300867164845e+01 2.612252981858266310e+01 2.414623196976871711e+01 2.255160902025678382e+01 2.123821045595594725e+01 2.014222154891496075e+01
5.890734458883250113e+01 4.488563858484155844e+01 3.751155202883831663e+01 3.277395139301253835e+01 2.940631104696493736e+01 2.684994023607520219e+01 2.482750673645520223e+01 2.320220433279624928e+01 2.185729663010289414e+01 2.074279901045498420e+01
6.008365548083020968e+01 4.591091590957363167e+01 3.840908037891396276e+01 3.359130021960641699e+01 3.016474101677031427e+01 2.755395238267098890e+01 2.549631228275693218e+01 2.383595207677553063e+01 2.246768054889246002e+01 2.132591043198054948e+01
6.124277504509019110e+01 4.690669253883280021e+01 3.928721295356557164e+01 3.438996507819283011e+01 3.089712521400063139e+01 2.824263295055358824e+01 2.614332370558662433e+01 2.445638724620885185e+01 2.306637423601291204e+01 2.190028077408488727e+01
6.235165883732722847e+01 4.786696528892233715e+01 4.013669827958313618e+01 3.516246927955555179e+01 3.161083410383223580e+01 2.891522802392641012e+01 2.677991897935481802e+01 2.506223809057006591e+01 2.365072649836666585e+01 2.245576858884347260e+01
6.342523481017357767e+01 4.882023701922955894e+01 4.097488467265498713e+01 3.591964619602519093e+01 3.231113325470041531e+01 2.956380775341109057e+01 2.739997473259471761e+01 2.565592567833536108e+01 2.421460696603745077e+01 2.300019217121495174e+01
6.446120778965027398e+01 4.972666324546736405e+01 4.178916197891700079e+01 3.666179587336250023e+01 3.299062950436326958e+01 3.019102430678967508e+01 2.799817580280346618e+01 2.622438706673782605e+01 2.476095008020927679e+01 2.352479136067458398e+01
6.548971947411820338e+01 5.061032111511940457e+01 4.258082746886451986e+01 3.737213475040952915e+01 3.364644348398882556e+01 3.080309211163221761e+01 2.858128182847569221e+01 2.677914107556780721e+01 2.528789159537882369e+01 2.403574791856956594e+01
6.644684587440868029e+01 5.145341344719245313e+01 4.332918523527352761e+01 3.806160202667469861e+01 3.426825081769820969e+01 3.139090653076623738e+01 2.913725341247230105e+01 2.731221710407012537e+01 2.579950552399137109e+01 2.451939004570716207e+01
6.736339111417460401e+01 5.226425813427118783e+01 4.405855397303244558e+01 3.871326497029775737e+01 3.486978880388028301e+01 3.196546870217438396e+01 2.968268093437317390e+01 2.782916804583355130e+01 2.629014339224658414e+01 2.498897150984975113e+01
6.823180330843658226e+01 5.303535272577956050e+01 4.475235159486464909e+01 3.934811843648538598e+01 3.545177773222049922e+01 3.251094764654337865e+01 3.019585265381176242e+01 2.831790605771967861e+01 2.675991060639916697e+01 2.543719058737910643e+01
6.905116139254442942e+01 5.377383486007115465e+01 4.541544425373578520e+01 3.995251478281007707e+01 3.600869872289774776e+01 3.302984670566482350e+01 3.068537171810713104e+01 2.878336780900087533e+01 2.720559859278838388e+01 2.586578136370614800e+01
6.983422105085683995e+01 5.447322357109855062e+01 4.605030950827174507e+01 4.052340717209991539e+01 3.653596862204402385e+01 3.352534974978399873e+01 3.115259997337822639e+01 2.922557518052255077e+01 2.762691516765307043e+01 2.627269273291576468e+01
7.057311967399579089e+01 5.512716049537507956e+01 4.665128681824479884e+01 4.105710899683652571e+01 3.703562799855725984e+01 3.399492232965147309e+01 3.159162267838026494e+01 2.964575190721688358e+01 2.802622997575148389e+01 2.665395305038714113e+01
7.124905204166110195e+01 5.574305729656078512e+01 4.720717240855185537e+01 4.156529024620665780e+01 3.750337649009146901e+01 3.443355525792588168e+01 3.200820881133853391e+01 3.003605039248217778e+01 2.840055770333500007e+01 2.701154381528857584e+01
7.187738751917615332e+01 5.631842533232751435e+01 4.772646339085136447e+01 4.203743423830424319e+01 3.793831678479214986e+01 3.483958880992810947e+01 3.239151115089849498e+01 3.040095044124158719e+01 2.874718671385809188e+01 2.734676518275602319e+01
7.245541759718520325e+01 5.684542164124072627e+01 4.820741588317131487e+01 4.247397464293259617e+01 3.835496541432162587e+01 3.521764770750407081e+01 3.274726217520670701e+01 3.073953717812334929e+01 2.906743207784091965e+01 2.765953947703009419e+01
7.298009549095134219e+01 5.732841670899762221e+01 4.864627156265701302e+01 4.287545934579870277e+01 3.872880095325408689e+01 3.556212579040335697e+01 3.307157319399913575e+01 3.104686999760433253e+01 2.936174873617068926e+01 2.793930594078038965e+01
7.345777434545401263e+01 5.776874448803520323e+01 4.904499541203761481e+01 4.323822956689403441e+01 3.906154776008023788e+01 3.587377495729538879e+01 3.336336028006868304e+01 3.132387348070088251e+01 2.962657015607739197e+01 2.819057084128692026e+01
7.386838029339917000e+01 5.816773013029631301e+01 4.939315137298667935e+01 4.356014983723044764e+01 3.935729804870792492e+01 3.614860755818394011e+01 3.362393718647462038e+01 3.157042248579239896e+01 2.985828810699111457e+01 2.841323617494374432e+01
7.422817175903261955e+01 5.851779366664580095e+01 4.970022009776776883e+01 4.383585492803870665e+01 3.961216111809697082e+01 3.638618419101055679e+01 3.385052792025128809e+01 3.178173863601735505e+01 3.005722806657925616e+01 2.860532817142257755e+01
7.452949696595347007e+01 5.880543742693272691e+01 4.996270056791002645e+01 4.406649158093736673e+01 3.982685093281305910e+01 3.658448718873603411e+01 3.403622248563092967e+01 3.195443115539692158e+01 3.022337807394096387e+01 2.876488477883723505e+01
7.476195158871240665e+01 5.903468258624459963e+01 5.016508958909108173e+01 4.425337724169630604e+01 3.999494936562834368e+01 3.673413429287821685e+01 3.418217757633543386e+01 3.209285801476711697e+01 3.035464477109462322e+01 2.889035393006005137e+01
7.494432957401296846e+01 5.920220761593677139e+01 5.032732743188137192e+01 4.439911465223622855e+01 4.012093343265972578e+01 3.685342817613797450e+01 3.428201412567204187e+01 3.218931451780016317e+01 3.045054581639343283e+01 2.897391035405537707e+01
7.505957630192571628e+01 5.933625395008014181e+01 5.042982145569292385e+01 4.448887251131668563e+01 4.021220421848674675e+01 3.691836163570668106e+01 3.433929763516177758e+01 3.224035041093248566e+01 3.049862062390971573e+01 2.902188975628826029e+01
7.511585103925409612e+01 5.939801361435630156e+01 5.047034024017912657e+01 4.452309329491152567e+01 4.023572817604229357e+01 3.693354452282594025e+01 3.434937631016884296e+01 3.224939162273439308e+01 3.050228616495792977e+01 2.902259100185019491e+01
7.510863821017952091e+01 5.939092643792117343e+01 5.045877079148232269e+01 4.449878054343651712e+01 4.020489823472398427e+01 3.690047890854956592e+01 3.430422814413691412e+01 3.220681475916596526e+01 3.045998207965068971e+01 2.897924007504307298e+01
7.503259867667712513e+01 5.932346793112909467e+01 5.038725135043588210e+01 4.441796261376094890e+01 4.011507934146932541e+01 3.680703815069258411e+01 3.420641305828836209e+01 3.210796542661017128e+01 3.035768206700600302e+01 2.888367142832365531e+01
7.488065494297110547e+01 5.919330574185650562e+01 5.025885190459506191e+01 4.427374796175199378e+01 3.996835608825802666e+01 3.665440788087622792e+01 3.405039508355579869e+01 3.195499190981738735e+01 3.020426763924930924e+01 2.873567993643929697e+01
7.466845823154274342e+01 5.899864388521172032e+01 5.005711250081964181e+01 4.406963406493422042e+01 3.975002926794923042e+01 3.644284495066187901e+01 3.382715629819568903e+01 3.174216156394054522e+01 2.999070608064454291e+01 2.853488828401136601e+01
7.438050641060233659e+01 5.873315042762013860e+01 4.977838797074880972e+01 4.379464929350123725e+01 3.947462297452012336e+01 3.616376449432155482e+01 3.354190481115932698e+01 3.145903472577237636e+01 2.971949142241258457e+01 2.826988844385620681e+01
7.404598827174746134e+01 5.837251902576628737e+01 4.942577723094288444e+01 4.345246833295830413e+01 3.912312505901473259e+01 3.581415127051768366e+01 3.320111369672270740e+01 3.112041078412104511e+01 2.938521608340298741e+01 2.794634380465152290e+01
7.361253165363679329e+01 5.795227868243114955e+01 4.901076159913355212e+01 4.302560172434009900e+01 3.869987162166960815e+01 3.539896980473623245e+01 3.279102039208251540e+01 3.071383537689252208e+01 2.899279655516938092e+01 2.756348687968600686e+01
7.311354682128848026e+01 5.745802707652782004e+01 4.851253306377139296e+01 4.252797240830751235e+01 3.821176037546727855e+01 3.491637234422394442e+01 3.231309310160602877e+01 3.023057275930045051e+01 2.853316771477572189e+01 2.711794248204548197e+01
7.253633157307847057e+01 5.689443562584436620e+01 4.794155514435711041e+01 4.195995462769020889e+01 3.765359260934243935e+01 3.435673566795813372e+01 3.176457868021330100e+01 2.969459777636640396e+01 2.802265558201603213e+01 2.661506170629212420e+01
7.186889540399162968e+01 5.625027581682574862e+01 4.728840121097502447e+01 4.131640085518517225e+01 3.701790983319327211e+01 3.374660264851178937e+01 3.115312940413900122e+01 2.909148503800759755e+01 2.744306062146084457e+01 2.606133378634198294e+01
7.113178315074597435e+01 5.552015832810721463e+01 4.655074262851763223e+01 4.059786174337014586e+01 3.629624882394196561e+01 3.305006259365441679e+01 3.049125552337063638e+01 2.845070211160472695e+01 2.680681530043312932e+01 2.544970200330201493e+01
7.031211130887101035e+01 5.471616984310075793e+01 4.573245851459709854e+01 3.979702203545139838e+01 3.551249124827878489e+01 3.227408438433004534e+01 2.976289241164443311e+01 2.774492832232978046e+01 2.612329390403043305e+01 2.479503160378801496e+01
6.942126661743014893e+01 5.381301567672542774e+01 4.483693610277047270e+01 3.892770346266429016e+01 3.466854278138315948e+01 3.145537590513813342e+01 2.897762084071483102e+01 2.699792588824925943e+01 2.540260245660527616e+01 2.410530936823099424e+01
6.843471874964836843e+01 5.283595570264957075e+01 4.385765167214732685e+01 3.796473292597306681e+01 3.375563766012335520e+01 3.058189023942115625e+01 2.814238243902910597e+01 2.620611501341054250e+01 2.465384598397730187e+01 2.339724845852018476e+01
6.737078923194148672e+01 5.176806214616810564e+01 4.281287551359953625e+01 3.695123308944806695e+01 3.278195629566580038e+01 2.966439709176611927e+01 2.727264762440719181e+01 2.539048039030301140e+01 2.389070605720544549e+01 2.268030024704623315e+01
6.622431346449010903e+01 5.062630332883878737e+01 4.170307933714313720e+01 3.587954557096118435e+01 3.174462343057035696e+01 2.871515923647760005e+01 2.637722526054736960e+01 2.455867665886182749e+01 2.311732815930329465e+01 2.195859245191373432e+01
6.499087875987206075e+01 4.938200047721497299e+01 4.053064641824229852e+01 3.475337069501335208e+01 3.067876661706153740e+01 2.771796886869344334e+01 2.545744451993072133e+01 2.371953514277084096e+01 2.235251077933590835e+01 2.125217318962215529e+01
6.363539237852794628e+01 4.809454592297338849e+01 3.929583195132282469e+01 3.356729586112714969e+01 2.958806237057951449e+01 2.670732660738783792e+01 2.454946737730159256e+01 2.288868910533920698e+01 2.158670551370068935e+01 2.054866202766998029e+01
6.225412384577739999e+01 4.673859403842121907e+01 3.800603783053302465e+01 3.235825603097581649e+01 2.849050258445373629e+01 2.569518820218639377e+01 2.363543959412165307e+01 2.206356032983678261e+01 2.084145885412138099e+01 1.987406846532732629e+01
6.079192294915144146e+01 4.533178246434294323e+01 3.667840093622811537e+01 3.112445159565643138e+01 2.738796872496470058e+01 2.469577362217983918e+01 2.273239962818054494e+01 2.127317024245232346e+01 2.011859384700769127e+01 1.923093981356121418e+01
5.927852242048879106e+01 4.383748902864144981e+01 3.531776768071443939e+01 2.989582802394923888e+01 2.626648425387477204e+01 2.371475973882171218e+01 2.187887041678920497e+01 2.050701831529107722e+01 1.945404555414408776e+01 1.864691534305458376e+01
5.769413304656863062e+01 4.233219010285228023e+01 3.392732371014106008e+01 2.868357956010790133e+01 2.518220827149481167e+01 2.276834979414642746e+01 2.105819271502297951e+01 1.978968049358276815e+01 1.883282826268971277e+01 1.810749587200992394e+01
5.604266747262366266e+01 4.079660890766497516e+01 3.255789896368266056e+01 2.747006994701446558e+01 2.413447664751274502e+01 2.188420870898394455e+01 2.028765582947581336e+01 1.912337636127270812e+01 1.828178727397335734e+01 1.762407589037643518e+01
5.433480250087319519e+01 3.920843708717823262e+01 3.118711696617129192e+01 2.627992825016807288e+01 2.315719758068889789e+01 2.104992801523963308e+01 1.957547494750647843e+01 1.855556606368832107e+01 1.778719354299950695e+01 1.719427030480727225e+01
5.258130826070892283e+01 3.761936978450455626e+01 2.983048601501991470e+01 2.514980427837792831e+01 2.220535030962090417e+01 2.028337686172053012e+01 1.898062987295838155e+01 1.804730070506898443e+01 1.735160286580619982e+01 1.680143139157693355e+01
5.078423877567981037e+01 3.605402261431466826e+01 2.849560362201384223e+01 2.405835773078900885e+01 2.134557031414609085e+01 1.961593561990827794e+01 1.844491844683255621e+01 1.760387966525881609e+01 1.695729793809994135e+01 1.645908983485330168e+01
4.898430910805278415e+01 3.448517423311307795e+01 2.720252472874800631e+01 2.306903700760800646e+01 2.058710359247338317e+01 1.903276502946789606e+01 1.796986732793527608e+01 1.719698929914266117e+01 1.660889010603428773e+01 1.612750411198999245e+01
4.716610744360566798e+01 3.294681138211253568e+01 2.596912198477810563e+01 2.215791862629903974e+01 1.992605525730116867e+01 1.852235099085982739e+01 1.753917040359159429e+01 1.682252143557514401e+01 1.627490930599556762e+01 1.582313803172851507e+01
4.532062711207876760e+01 3.149527978757776836e+01 2.482636058699758408e+01 2.134900775529200700e+01 1.935041477252178055e+01 1.806322106192101273e+01 1.714979151772848098e+01 1.647554048978872743e+01 1.595999240969389277e+01 1.553239988793221116e+01
4.348641626521234826e+01 3.005616716675943323e+01 2.376973077434404047e+01 2.064528646284725255e+01 1.884998945413665794e+01 1.764395734159904094e+01 1.677521868503674796e+01 1.615039019162573553e+01 1.565579927597385357e+01 1.525716279346499782e+01
4.172685001760548573e+01 2.866130579223141694e+01 2.286461916208051548e+01 2.003205239821068417e+01 1.838638694761689507e+01 1.725618084464829849e+01 1.644395981344539237e+01 1.584136545187292455e+01 1.537262671513711965e+01 1.500140249086451050e+01
3.996912551806705949e+01 2.736677320892753684e+01 2.202244600732579727e+01 1.949010361021249338e+01 1.795108695923458697e+01 1.688132969080027124e+01 1.612281427440738568e+01 1.554730766571630340e+01 1.510249467558771386e+01 1.474960482965488673e+01
3.821985842471035966e+01 2.613530364291841579e+01 2.133085178759142053e+01 1.900738089229875172e+01 1.754915702590224313e+01 1.653804662364270683e+01 1.581714596674923889e+01 1.526842062536287514e+01 1.484272606407380479e+01 1.450720598987781074e+01
3.655858725538533349e+01 2.505667831807536317e+01 2.071834339774551381e+01 1.855249884741830613e+01 1.717348771307959154e+01 1.622652235020239786e+01 1.552559730681436001e+01 1.500215786370571536e+01 1.459315147985823735e+01 1.427469254550908317e+01
3.494025158795209052e+01 2.413629955001438887e+01 2.016346472966934300e+01 1.811047277427496383e+01 1.681774336521885260e+01 1.591543614798221462e+01 1.524656631839586751e+01 1.474455616406246961e+01 1.435086846019829565e+01 1.404877189390754744e+01
3.338940088761918901e+01 2.333162862891652267e+01 1.965349046487552442e+01 1.770826583969620671e+01 1.647833951968618749e+01 1.561782129655430396e+01 1.497908438171761603e+01 1.449682646499302052e+01 1.411626513395796145e+01 1.382847123312947524e+01
3.192168303425412645e+01 2.264378358205961206e+01 1.917813348507712590e+01 1.733032262526547385e+01 1.615237636619293937e+01 1.533359726884693508e+01 1.471991258789786272e+01 1.425775878808652664e+01 1.389243959983051191e+01 1.361630957632888261e+01
3.053820066803289990e+01 2.200151739030546949e+01 1.875225191686290671e+01 1.697314572292755486e+01 1.584341297490781031e+01 1.505749271147878510e+01 1.447068411933831733e+01 1.403770800685903097e+01 1.367499346424415307e+01 1.340967828560838981e+01
2.925485325307732865e+01 2.141614223405507289e+01 1.833114149488590527e+01 1.662896229942465709e+01 1.554791991158446152e+01 1.479185487623660933e+01 1.424263978007550513e+01 1.381270744518381477e+01 1.346458794521557323e+01 1.320748482792455647e+01
2.809619295271250650e+01 2.086799395797147127e+01 1.793367827481634080e+01 1.629221133846081671e+01 1.526050157093745696e+01 1.453514494595472328e+01 1.400862914497853495e+01 1.359528684703138168e+01 1.326075617077940016e+01 1.301202526445082697e+01
2.709733107390951901e+01 2.035257533320333678e+01 1.755568941950454587e+01 1.597558302660076990e+01 1.498534880180951134e+01 1.428569927843891030e+01 1.378030665993571979e+01 1.338112356703530992e+01 1.305951287949137019e+01 1.282105917639864145e+01
2.622003996697359085e+01 1.986795972264023646e+01 1.719320288355089943e+01 1.568269118364157499e+01 1.471598085829869973e+01 1.404268608207857838e+01 1.355917826308274066e+01 1.317472711726111712e+01 1.286517589859245092e+01 1.263576886236718266e+01
2.542646669557526806e+01 1.940978651071019812e+01 1.684394263294186445e+01 1.539125699312827678e+01 1.445810718174315745e+01 1.381645014532157134e+01 1.333079280401460132e+01 1.296648411137663892e+01 1.267635652605058105e+01 1.246612455172052769e+01
2.470917843899903232e+01 1.895988206840943135e+01 1.651172784056630860e+01 1.510872732130428631e+01 1.420817885742969544e+01 1.359023213650091755e+01 1.312171362457446833e+01 1.277071823981036047e+01 1.249193601931361464e+01 1.229030906741880536e+01
2.404647315300800869e+01 1.853232718959366565e+01 1.618957526091849175e+01 1.483498094142867174e+01 1.396543885322248180e+01 1.336977090047934169e+01 1.291816139534857300e+01 1.258022131844101743e+01 1.231116562859577890e+01 1.211794888179326612e+01
2.342067363129850577e+01 1.813672474098376597e+01 1.587838594824921223e+01 1.457026992327883086e+01 1.372865902142343586e+01 1.315600282160849588e+01 1.271840862081883294e+01 1.239404333035128047e+01 1.213534463811861386e+01 1.194974780384060153e+01
2.281231626146471569e+01 1.775080171843551824e+01 1.557791608432716401e+01 1.431488016844507172e+01 1.349991300938538075e+01 1.294550483197648383e+01 1.252268583795137502e+01 1.221290314791080078e+01 1.196322983579166888e+01 1.178659297142048601e+01
2.225665318328879394e+01 1.739981618830373122e+01 1.528732371508764487e+01 1.406504663571337765e+01 1.327568065536919839e+01 1.274338485830621437e+01 1.233432241754132619e+01 1.203561017084906126e+01 1.179653076990515359e+01 1.162442705513160668e+01
2.173040603865340614e+01 1.702931761274686195e+01 1.500680322725309246e+01 1.380783415213193699e+01 1.305742689521245481e+01 1.254470679282932188e+01 1.214783140091932268e+01 1.186253366839340728e+01 1.163039919846847248e+01 1.146653049911316735e+01
2.122925766713813545e+01 1.670722354681449318e+01 1.472905141154123498e+01 1.357467578725603552e+01 1.286116132085484942e+01 1.234173808450698040e+01 1.196313672620386015e+01 1.169331276158122179e+01 1.147049091161715850e+01 1.130495936572445892e+01
2.074051581475771400e+01 1.637929040744488418e+01 1.446344390996358875e+01 1.334714861609688974e+01 1.265677530720452282e+01 1.215117609709947111e+01 1.179101545857854916e+01 1.152828297828234128e+01 1.131580244502936416e+01 1.115491573317359553e+01
2.027353446720924524e+01 1.606087367951110423e+01 1.420602308119991442e+01 1.312451611502384274e+01 1.245873362094187797e+01 1.196776363687290079e+01 1.161979763289533096e+01 1.136762216812870463e+01 1.116196433638881658e+01 1.101595557122595004e+01
1.984382737032215616e+01 1.575485473730773833e+01 1.395227519997236065e+01 1.290905544095763169e+01 1.225692253455467551e+01 1.179080149307775649e+01 1.145276561056092568e+01 1.120775842783586640e+01 1.101168961575009142e+01 1.086454422952078502e+01
1.942030314158360937e+01 1.545756871804868915e+01 1.370675536906622050e+01 1.269790660535339022e+01 1.206753808059292155e+01 1.161554962250830059e+01 1.128906651668654249e+01 1.105346554912191337e+01 1.086444302012421126e+01 1.072263888937808396e+01
