1.608426474937041561e+01 1.096038036363185419e+01 8.525468362086941809e+00 7.083888327632520188e+00 6.134414389089957176e+00 5.470657440388341897e+00 4.982428745242673429e+00 4.611264748106004951e+00 4.318531082396017240e+00 4.081998878832870936e+00
1.705131282534131643e+01 1.170815392542012923e+01 9.153674556828162778e+00 7.622338086858013284e+00 6.610403844900678116e+00 5.895623813988333239e+00 5.368010074260950226e+00 4.965995000074176602e+00 4.648524046725500014e+00 4.392673048956558191e+00
1.802245954394875582e+01 1.247089987713767734e+01 9.792695645353898470e+00 8.180621747499719376e+00 7.102443152041662877e+00 6.337008272879337767e+00 5.770551114543601479e+00 5.335796586203848335e+00 4.992244845693441846e+00 4.714404252143214791e+00
1.900598105492064960e+01 1.324317130649177088e+01 1.044690408962676642e+01 8.750988532019420063e+00 7.610731914948072330e+00 6.795382127667775052e+00 6.187579773774455560e+00 5.719439223270871508e+00 5.348345908595545595e+00 5.048187751509964905e+00
1.999977639803225316e+01 1.402365555122629459e+01 1.111422054245929658e+01 9.335440963181751428e+00 8.132961603499611059e+00 7.266716649480145840e+00 6.617659961450443440e+00 6.115762030718054021e+00 5.717861726374279030e+00 5.395714947470202638e+00
2.100137556546167872e+01 1.481410594735301167e+01 1.179086394204853860e+01 9.931792705956107525e+00 8.666955750998809549e+00 7.750401069276459332e+00 7.060668429039340666e+00 6.525766171691278927e+00 6.100686690292986825e+00 5.755015464623443044e+00
2.200336240467419202e+01 1.561498570720178414e+01 1.247581628809257737e+01 1.053768690369276406e+01 9.210361152563461218e+00 8.243408137170229466e+00 7.514801436026012915e+00 6.946262593861607826e+00 6.492925877007548863e+00 6.125795382456773019e+00
2.301126757083407881e+01 1.641916549686329674e+01 1.316834880070190117e+01 1.115085715049173309e+01 9.762327961117017949e+00 8.747601430527785382e+00 7.979289356158074220e+00 7.377569378910219910e+00 6.897321733895403817e+00 6.506570000370938800e+00
2.402078311043515768e+01 1.722623943940787683e+01 1.386395591150708384e+01 1.176798214292288058e+01 1.032028602617113933e+01 9.259468818913260790e+00 8.452246619721650589e+00 7.819177115930110666e+00 7.312244234333535431e+00 6.898547973152939328e+00
2.502541375332964080e+01 1.803156763448555111e+01 1.456246966604162552e+01 1.238964708011399907e+01 1.088372572643041103e+01 9.778065351856234599e+00 8.932060527158506957e+00 8.268635043590739642e+00 7.735198913198088277e+00 7.297846577785639610e+00
2.602856548914222046e+01 1.883740878106529948e+01 1.526375370738028892e+01 1.301439086104157816e+01 1.145206392690045405e+01 1.030003894243115248e+01 9.418962157755947473e+00 8.725714735722664983e+00 8.164984822753512006e+00 7.704433843406173210e+00
2.703310880676127326e+01 1.964785843507028318e+01 1.596627339101280540e+01 1.364116454654447352e+01 1.202376755996093394e+01 1.082955557263869295e+01 9.912327779742764022e+00 9.186069087425615010e+00 8.599781868105800697e+00 8.118125709405321189e+00
2.803695464437335616e+01 2.045681168790392235e+01 1.666206539778425366e+01 1.426909608132886653e+01 1.259559209949449077e+01 1.136025810928896362e+01 1.040755838340748163e+01 9.651547920814735448e+00 9.040781654642620069e+00 8.535741122468888165e+00
2.902784002110787043e+01 2.126137657561928052e+01 1.735848780916600020e+01 1.489476263993579330e+01 1.317005042147450311e+01 1.189464322909396721e+01 1.090448418018008070e+01 1.012071340525969809e+01 9.483113091855093657e+00 8.955983172405026949e+00
3.001461314074609987e+01 2.206094544858007467e+01 1.804990210749551593e+01 1.551701656866154266e+01 1.374202324752295823e+01 1.242600963009814841e+01 1.140231123108731914e+01 1.058981290156930299e+01 9.927233538400374258e+00 9.379629327482257750e+00
3.098694212909039436e+01 2.285167819382746757e+01 1.873499035453853878e+01 1.614151501568237279e+01 1.431196703425144356e+01 1.295584132257944709e+01 1.189989260196288789e+01 1.105781018171187924e+01 1.037194814425170897e+01 9.803141251328208128e+00
3.195195079183202225e+01 2.363739215256629222e+01 1.941925546756203147e+01 1.675766785865727471e+01 1.488175926413734018e+01 1.348336189827971410e+01 1.239437202784402992e+01 1.152511025108005960e+01 1.081560600546049322e+01 1.022429749570123292e+01
3.290526468250843095e+01 2.441190427533122431e+01 2.009714346464608781e+01 1.737084028637244160e+01 1.544454972309243246e+01 1.400621731315153440e+01 1.288501141396065641e+01 1.199033565015756508e+01 1.125601039119174196e+01 1.064419839041588745e+01
3.383793476246444243e+01 2.517984949675400941e+01 2.077086077010679688e+01 1.797472373664912482e+01 1.599978573316103514e+01 1.452438830624376287e+01 1.337289833482341095e+01 1.245096585875625017e+01 1.169249973651767860e+01 1.106148459764864356e+01
3.476375085931775288e+01 2.593928857485068917e+01 2.143100311345122577e+01 1.857063180205561892e+01 1.654881186318999298e+01 1.503673874445724046e+01 1.385347210766575721e+01 1.290634265613832454e+01 1.212601245304352560e+01 1.147679807115160955e+01
3.566837894539350629e+01 2.668239559948912643e+01 2.208013968632419832e+01 1.915967399247153935e+01 1.708843942750175415e+01 1.553994318793278673e+01 1.432925490960090897e+01 1.335298592355270664e+01 1.255302627815061633e+01 1.188519905870180615e+01
3.655831628153202928e+01 2.741885639693979471e+01 2.272172889672931717e+01 1.973707279393525127e+01 1.761844935666282197e+01 1.603741542692768718e+01 1.479506581360381290e+01 1.379439327497297185e+01 1.297130251069283169e+01 1.228811967614901590e+01
3.741724012245275333e+01 2.814139197614217736e+01 2.334776300501605206e+01 2.030488784217098086e+01 1.814139760401846502e+01 1.652269185319684297e+01 1.525236748424268285e+01 1.422700008014407480e+01 1.338507063065389424e+01 1.268272926698966430e+01
3.826083591683805452e+01 2.884576799271346559e+01 2.396205110877372135e+01 2.086165686162316391e+01 1.865133766055587117e+01 1.699842517801386066e+01 1.569725285216772903e+01 1.464968631487616157e+01 1.378979716777040920e+01 1.306739750438412528e+01
3.908225998066689755e+01 2.953389352892324382e+01 2.456160403434282813e+01 2.140054231835238241e+01 1.915226844355361280e+01 1.746400487929640377e+01 1.613485892093976659e+01 1.506488003980706303e+01 1.418373366538792446e+01 1.344810402327131449e+01
3.988201747079813941e+01 3.020323883482080518e+01 2.514699116967798531e+01 2.192569070513101437e+01 1.963590734634112067e+01 1.791577186686575729e+01 1.655691368543086739e+01 1.546798759042517801e+01 1.456770047594642925e+01 1.381815748533824717e+01
4.064944801408375241e+01 3.085342699926001941e+01 2.571808136015734547e+01 2.243892830148841355e+01 2.010557418754159542e+01 1.835392365257886738e+01 1.697092766601283031e+01 1.585573828218133308e+01 1.494030387473599397e+01 1.417572853223913221e+01
4.140683904262900938e+01 3.148626177503759394e+01 2.626778887053014699e+01 2.293516943208225811e+01 2.056017159139880235e+01 1.877149204437277419e+01 1.736946865606298473e+01 1.623334214932844688e+01 1.530291810032675315e+01 1.452211399366081324e+01
4.212566753158368016e+01 3.209614507591560084e+01 2.680110173255507533e+01 2.341564043170919618e+01 2.100122052768228187e+01 1.917876948094537326e+01 1.775351337180753930e+01 1.659761457267649476e+01 1.565063657015282850e+01 1.485636255855698451e+01
4.282040425709508469e+01 3.268226065601032815e+01 2.731667928323984285e+01 2.387592943051720340e+01 2.142424204668802545e+01 1.957045663389014578e+01 1.811999954236153698e+01 1.694928702653979968e+01 1.598752419161349536e+01 1.517716373745540359e+01
4.349595220931148987e+01 3.325684497375966941e+01 2.781000400970023279e+01 2.432187504284342694e+01 2.183471820746167325e+01 1.994638263068617690e+01 1.846936187057481149e+01 1.728447436652976421e+01 1.630766394429706878e+01 1.548579975654035756e+01
4.412763017718662439e+01 3.379553335083709698e+01 2.828113618543257601e+01 2.474584785773496876e+01 2.221949500238360287e+01 2.030629629343594189e+01 1.881025471103129476e+01 1.760550926565014862e+01 1.661378381649526048e+01 1.577801840227874486e+01
4.472553283782016820e+01 3.430976768743976635e+01 2.873942144963181988e+01 2.514870328365304175e+01 2.258607596479370372e+01 2.064757619327453497e+01 1.913063282620968408e+01 1.790735282369412218e+01 1.690220771426304935e+01 1.605474765122249181e+01
4.529177586865809246e+01 3.480205282166374303e+01 2.916697300677110150e+01 2.553170992393136629e+01 2.293747079898174235e+01 2.096866620635340794e+01 1.943266248557948828e+01 1.819449508170007235e+01 1.717371955139059381e+01 1.631428971063747113e+01
4.582008208625526891e+01 3.525756728576616439e+01 2.956818024072678242e+01 2.589403336235129416e+01 2.326311389774436478e+01 2.127160107623113205e+01 1.971652435085457356e+01 1.846228074109017925e+01 1.742671338229641975e+01 1.655773634621084156e+01
4.631208361942160678e+01 3.568748117527814401e+01 2.994549463640368003e+01 2.623084488899043976e+01 2.356811784028458234e+01 2.155482493393891374e+01 1.998084741284225530e+01 1.871133490327836313e+01 1.766171411655271584e+01 1.678329331791900003e+01
4.677336967273626556e+01 3.607797486256271924e+01 3.029371309936884771e+01 2.654056384923338285e+01 2.385119604494766676e+01 2.181355895165044245e+01 2.022722692345938356e+01 1.894185392896973497e+01 1.788032040221475683e+01 1.699199486483484023e+01
4.718582758041841885e+01 3.644339398625923110e+01 3.061702461639787032e+01 2.682603437239511379e+01 2.411221713649575449e+01 2.205303145147143695e+01 2.045031200250690162e+01 1.914754065857603038e+01 1.807789185049114522e+01 1.718082943866733459e+01
4.757064302583457049e+01 3.677757578662660620e+01 3.090435135565219227e+01 2.708469633632308415e+01 2.434809987946218257e+01 2.226886974299421951e+01 2.064765672861864587e+01 1.933648368009640706e+01 1.825644779708383680e+01 1.735047576330616792e+01
4.790113210888556949e+01 3.707615000960229423e+01 3.116135802351406880e+01 2.731359318961500904e+01 2.455337835117300926e+01 2.245909930958313439e+01 2.082328640780179185e+01 1.950116174497791377e+01 1.841373331468536279e+01 1.749873464241275656e+01
4.819375861433964303e+01 3.733025582796699382e+01 3.139167691503894631e+01 2.751239677528025140e+01 2.473166409477340721e+01 2.262448153132923423e+01 2.097429190837443258e+01 1.964311440286881805e+01 1.854717652699180874e+01 1.762636415896960429e+01
4.844596067887091095e+01 3.755962340388631304e+01 3.158332201859402844e+01 2.768049627860265716e+01 2.488165928230227664e+01 2.276029085774811378e+01 2.109810138600207452e+01 1.975937532631273896e+01 1.865671472880027792e+01 1.773132527325008923e+01
4.865754185117658182e+01 3.773739138789957792e+01 3.173675939104387922e+01 2.781422636495803502e+01 2.499842529376348921e+01 2.286832828004223117e+01 2.119424734783205366e+01 1.984811248827175589e+01 1.874096456642568498e+01 1.781543773798441421e+01
4.881619259665582433e+01 3.788074892393312609e+01 3.184832741546078694e+01 2.790943611540792091e+01 2.508430941478485465e+01 2.294013662365159334e+01 2.125876554789859085e+01 1.990770862328285773e+01 1.879665646967374215e+01 1.786675046221944285e+01
4.892370117900560444e+01 3.797447166498097459e+01 3.192102145416864190e+01 2.796909346722280532e+01 2.513162589643325617e+01 2.297854847305563553e+01 2.129057715681999952e+01 1.993403665897087507e+01 1.882043738218703766e+01 1.789007468452451377e+01
4.898719276576068182e+01 3.802285094110406050e+01 3.194887060080143826e+01 2.798756601428399904e+01 2.513815469377407297e+01 2.297879647278863402e+01 2.128496490707494004e+01 1.992286597959608230e+01 1.880861097983597574e+01 1.787772705385160776e+01
4.900441483388603103e+01 3.801267310605415162e+01 3.193574939930135415e+01 2.796527042719754164e+01 2.510110974955665952e+01 2.293843129576233864e+01 2.123947563980512143e+01 1.987362653132631607e+01 1.876570894652801869e+01 1.782958701662487755e+01
4.896283900995377536e+01 3.796811779224897521e+01 3.187699069918080852e+01 2.789194110668303850e+01 2.503104030709047834e+01 2.285330850221358290e+01 2.115145116457030383e+01 1.978406839776158321e+01 1.867187408773322943e+01 1.774178422603742789e+01
4.886970671127738086e+01 3.787030607680159022e+01 3.175801050752437149e+01 2.777246360148625115e+01 2.490230681591248185e+01 2.272210227777110347e+01 2.101753521776572597e+01 1.964803762983202162e+01 1.853826403416739765e+01 1.761150498602036762e+01
4.871925863466155704e+01 3.772254636795232585e+01 3.159448195095030343e+01 2.759832468893645796e+01 2.472694359212007953e+01 2.254368634831633145e+01 2.083291233746161097e+01 1.947005127160485571e+01 1.835914917328257800e+01 1.743721477355632032e+01
4.851687405606679704e+01 3.751676105381604742e+01 3.136951478930695103e+01 2.737318725053500756e+01 2.449642917452779400e+01 2.231629608668240650e+01 2.060912501996532953e+01 1.924031459093381358e+01 1.813290925476114879e+01 1.721436680649164330e+01
4.825202575053960885e+01 3.724810207872112500e+01 3.109179887329759495e+01 2.708915502273138287e+01 2.420343101159178900e+01 2.203043127594508022e+01 2.032626417180998146e+01 1.896283992031484900e+01 1.785650184473520241e+01 1.694826908981433888e+01
4.793214864668964026e+01 3.692274929466090327e+01 3.075801387827821287e+01 2.674962587759184274e+01 2.386135246149038025e+01 2.169136631906555834e+01 1.998867181532276760e+01 1.863548998571290838e+01 1.753381802784623389e+01 1.663462435870944134e+01
4.755590285962220065e+01 3.654460796375043685e+01 3.036293164066791306e+01 2.635101323954666697e+01 2.346063561380091045e+01 2.129654647456871785e+01 1.960292777008581666e+01 1.825931996738971819e+01 1.717067822000347022e+01 1.628043958721695716e+01
4.711370620951274901e+01 3.609632117855561262e+01 2.989974271665639094e+01 2.588754932228104977e+01 2.300071434443310281e+01 2.084545754021873876e+01 1.916792071196268665e+01 1.783945060339187449e+01 1.676782319813043642e+01 1.589178109857677867e+01
4.660940117642846303e+01 3.558001184032000452e+01 2.937932387536124779e+01 2.535672009994175369e+01 2.248516487345267834e+01 2.034604702541164656e+01 1.868876462068456235e+01 1.737903295907430845e+01 1.632826740010123601e+01 1.547055798937536153e+01
4.602311648040925718e+01 3.499829488422273016e+01 2.879395816688984766e+01 2.477383155192087472e+01 2.191720220818907805e+01 1.979876043028817989e+01 1.817811321639594624e+01 1.688507076510479266e+01 1.586186168078260117e+01 1.502926772988543647e+01
4.538633902374097318e+01 3.434242303471994262e+01 2.814113493913884412e+01 2.412758242319812396e+01 2.129926154664666171e+01 1.920183816911507790e+01 1.762066658488111770e+01 1.637071560160140038e+01 1.537942944811632806e+01 1.457607110080039092e+01
4.469315973447567814e+01 3.362217018082836262e+01 2.743660593816235505e+01 2.343719265157323406e+01 2.063069652260434594e+01 1.857611229020659138e+01 1.703034169374936013e+01 1.582555475383318466e+01 1.487253172586888716e+01 1.410797144744123344e+01
4.391212114748431361e+01 3.284024601551321609e+01 2.667152075481586948e+01 2.267965180467449571e+01 1.993133565530951401e+01 1.791342147624109415e+01 1.641151601986608455e+01 1.526434603126964085e+01 1.435833512857958816e+01 1.363430308772860755e+01
4.308262156833905010e+01 3.200509121545581337e+01 2.585020971526146383e+01 2.189193935216490416e+01 1.920023453114511014e+01 1.723512198219213687e+01 1.578769317892125024e+01 1.470223391863641815e+01 1.384804795592250137e+01 1.317615432034683565e+01
4.218639949961032443e+01 3.110575391626371200e+01 2.498693471719150949e+01 2.107699436693929584e+01 1.844588409329511336e+01 1.655279808900524685e+01 1.516934288920586127e+01 1.414163474885307181e+01 1.334069449424287690e+01 1.272354446689221952e+01
4.122213373648881429e+01 3.014095004687660762e+01 2.409322997600580152e+01 2.025210481921379468e+01 1.767477230392269405e+01 1.587434479141558796e+01 1.456800025809642563e+01 1.359167609941053811e+01 1.285416147830778222e+01 1.228667024452655276e+01
4.019473374244449815e+01 2.912683445143904493e+01 2.315803142813213711e+01 1.940246246838274757e+01 1.690646181752670785e+01 1.519840739481709235e+01 1.397489701514914273e+01 1.306774789663766079e+01 1.239269750532539227e+01 1.187652071966909695e+01
3.911282288265034168e+01 2.807252737123046060e+01 2.218215210335953458e+01 1.855164615609835721e+01 1.616581208374377354e+01 1.455397195300288082e+01 1.340608370884748268e+01 1.258089534006217391e+01 1.197011140287290942e+01 1.149729081289674504e+01
3.796296275049058977e+01 2.699335761907974529e+01 2.121663531057913588e+01 1.771919258051319446e+01 1.545259794529379249e+01 1.393069934139600718e+01 1.288141674573556372e+01 1.213333226034050760e+01 1.158976554878892884e+01 1.117139454362347450e+01
3.675949799110691174e+01 2.586261036501121779e+01 2.024436986108402792e+01 1.688554702225941284e+01 1.476486567025448160e+01 1.336118316652071591e+01 1.240676690721193509e+01 1.174260722338203067e+01 1.125759744661601580e+01 1.089827855308159599e+01
3.552416432873207697e+01 2.474488423716233143e+01 1.926548914890015141e+01 1.608723985250002286e+01 1.411331606923707227e+01 1.284237697332443240e+01 1.199268768728322776e+01 1.140298657341822164e+01 1.097968591183121134e+01 1.064183986800672699e+01
3.426038150411617522e+01 2.361159631605518783e+01 1.831236411746620263e+01 1.532751673847505458e+01 1.351915879763556028e+01 1.238950689119350201e+01 1.165349014136261374e+01 1.111885921642664421e+01 1.072130095222878410e+01 1.041244035346462482e+01
3.294855497590216942e+01 2.248952128521835192e+01 1.740116084721959666e+01 1.460323401566715518e+01 1.300273235502492319e+01 1.200411532268220149e+01 1.132748546375135312e+01 1.085314827372639535e+01 1.048419015882147498e+01 1.019873864285281506e+01
3.162712878195130273e+01 2.140954819236339901e+01 1.652783202507624338e+01 1.396692961593026538e+01 1.256177826139065168e+01 1.166810717403967246e+01 1.104996940864350563e+01 1.061024284074871460e+01 1.027971687553656466e+01 1.000729009032168193e+01
3.028658345807073005e+01 2.033437273126332911e+01 1.573608444884077073e+01 1.341603458985144215e+01 1.217377966364043651e+01 1.136962361389281995e+01 1.079581647686562640e+01 1.038579413246050542e+01 1.007568936789045111e+01 9.820845809507616764e+00
2.896580949625071710e+01 1.929325598548585319e+01 1.499500069560497906e+01 1.295768617299374625e+01 1.183764803518895725e+01 1.109575619719158190e+01 1.056009643402451381e+01 1.017619363350060802e+01 9.872901938385941989e+00 9.641632585070642136e+00
2.761764044068679880e+01 1.828056838589995436e+01 1.436442790212076837e+01 1.257166960414424572e+01 1.153276730741963263e+01 1.084368208597715189e+01 1.034052704360684061e+01 9.977618506021009637e+00 9.691260240460151110e+00 9.471941245361458428e+00
2.631537336282402961e+01 1.735073108638262340e+01 1.383866951961297787e+01 1.222060019648872675e+01 1.125502454292772292e+01 1.060714070485873251e+01 1.013142117876866877e+01 9.797412522389297607e+00 9.517254805186061262e+00 9.308614150360691397e+00
2.504174755267068520e+01 1.649864342897319602e+01 1.338996391895590143e+01 1.189987814132620159e+01 1.099551102449667006e+01 1.038599162356853789e+01 9.934377758680332349e+00 9.617698957003570470e+00 9.353400674403818726e+00 9.152294002950830176e+00
2.381844586338239367e+01 1.575981178554655671e+01 1.299331628496873137e+01 1.160585173851237251e+01 1.074998751123588470e+01 1.017527389799943194e+01 9.746583454558917836e+00 9.446372701220184354e+00 9.193657421149337594e+00 9.001895713926824527e+00
2.263330983532133445e+01 1.513690369024657834e+01 1.263287214744175735e+01 1.132991472626129692e+01 1.051992074538729582e+01 9.972053883810902519e+00 9.578470937114587969e+00 9.280333717033901308e+00 9.040120692133296387e+00 8.856198339850296364e+00
2.149596537229407289e+01 1.460245485804658117e+01 1.229514058371023211e+01 1.107081102324322863e+01 1.030070060349571648e+01 9.794267055164503688e+00 9.405179613977789899e+00 9.121275654086550944e+00 8.890950961009435716e+00 8.721557479021605275e+00
2.039759426559365707e+01 1.413675135292487539e+01 1.199003998405465055e+01 1.082801745999019261e+01 1.009385871284636593e+01 9.609253369450771132e+00 9.240572438925765297e+00 8.965942429772791655e+00 8.747495091524779554e+00 8.585112237693930837e+00
1.938333387375323724e+01 1.371642724287922555e+01 1.170326394209065057e+01 1.059363072347133183e+01 9.892306895856293636e+00 9.432343533378166001e+00 9.078687729590871669e+00 8.806428334765943333e+00 8.615039194319383142e+00 8.453184898552988713e+00
1.847532311012288631e+01 1.333222259343737015e+01 1.143273404811658089e+01 1.037353463966464062e+01 9.700097919879556940e+00 9.262250104315711496e+00 8.922212096660420144e+00 8.662021218902037134e+00 8.479476549770357252e+00 8.324308459275082228e+00
1.768032900101235327e+01 1.297895026410287578e+01 1.117499542947765789e+01 1.016286970329223571e+01 9.516426655821561553e+00 9.098497440784186097e+00 8.770610430521454504e+00 8.530618703820351811e+00 8.347739013025291754e+00 8.199163041590786349e+00
1.698982155087029611e+01 1.264691026295608189e+01 1.093029090865484676e+01 9.961209646141121254e+00 9.348148881149342060e+00 8.939265175359416560e+00 8.622385207709678312e+00 8.394639655097932973e+00 8.219505838721129720e+00 8.077873286072623671e+00
1.640718730352028842e+01 1.233099806059056469e+01 1.069625758594361464e+01 9.767751334685382147e+00 9.176651526977265050e+00 8.785163474072209766e+00 8.480160183819384301e+00 8.262427110178984790e+00 8.094780514577543329e+00 7.957573490715054376e+00
1.588277912177492013e+01 1.203703995097422741e+01 1.047175469211988741e+01 9.582851344608243949e+00 9.012384852976326854e+00 8.635613138573159375e+00 8.341483067288397280e+00 8.134602429344841568e+00 7.973222799970697494e+00 7.841249155350128675e+00
1.540756193581416511e+01 1.175851267731842675e+01 1.025581828865538903e+01 9.395321080598199259e+00 8.853557097405245102e+00 8.489552718050001445e+00 8.208188858371718410e+00 8.008995164799440403e+00 7.853562808670509376e+00 7.722945424424906946e+00
1.498081682471974574e+01 1.149079987566056360e+01 1.004778210353227941e+01 9.221243454600928757e+00 8.698829430300365928e+00 8.334546681666914481e+00 8.078073986534377582e+00 7.886476965904199332e+00 7.737840424500778802e+00 7.622263786336771041e+00
1.456623771846549964e+01 1.123521110365738451e+01 9.845371378957388231e+00 9.067799357201359101e+00 8.549262172242087843e+00 8.198313775305864581e+00 7.951324139381184430e+00 7.765547232513076104e+00 7.624566171412610949e+00 7.516150288292024584e+00
1.418554787350392310e+01 1.099300361775981649e+01 9.652922940564092613e+00 8.904126674086203508e+00 8.402841086119613223e+00 8.065009082651460659e+00 7.827752234805614329e+00 7.648524418696396765e+00 7.514173264362969284e+00 7.410932469814055068e+00
1.380538791151032285e+01 1.075813361920995881e+01 9.467785441550685022e+00 8.745008236009715219e+00 8.262894578238977772e+00 7.934972623836467065e+00 7.707264534387460841e+00 7.535408198260299173e+00 7.405293614772831212e+00 7.298995836865136866e+00
1.344928514536726460e+01 1.053355471103285090e+01 9.287807565483367611e+00 8.590177442306599076e+00 8.124847694208215287e+00 7.809414672151689274e+00 7.589733250612221482e+00 7.424651719814641559e+00 7.299888265551526700e+00 7.199430617012147593e+00
1.312182103344917650e+01 1.031638367493952835e+01 9.113419457838890736e+00 8.440297068732586894e+00 7.991372618963355379e+00 7.687093867453905993e+00 7.474254347190409042e+00 7.316495945262345479e+00 7.197917421331881727e+00 7.100307971024835574e+00
1.281288787762571424e+01 1.010813754835841571e+01 8.944225065171286460e+00 8.294579327944651581e+00 7.861168386381517159e+00 7.567130056295024332e+00 7.363386213952118453e+00 7.210960723346591550e+00 7.097297691276409637e+00 7.002968771044663754e+00
1.251415882357452247e+01 9.896614698422840917e+00 8.771978055941296759e+00 8.153003826005560839e+00 7.734324997718827532e+00 7.450432149876022869e+00 7.254151680737375152e+00 7.107389139920146093e+00 6.998918314243919525e+00 6.908702344587577926e+00
1.223116465192327773e+01 9.710252606218642057e+00 8.612781826611810132e+00 8.014991220885054446e+00 7.610808573159337342e+00 7.337150451187522293e+00 7.147814850559202071e+00 6.999247595907942099e+00 6.901865997306519063e+00 6.816629766290105863e+00
1.195684677231461812e+01 9.513404541072437937e+00 8.457818251745671034e+00 7.880784947325607526e+00 7.490337192556754786e+00 7.225919194123687106e+00 7.044098776217482261e+00 6.900152810428093808e+00 6.807827015865795417e+00 6.723365776443766428e+00
1.169256170003942863e+01 9.339035230189125514e+00 8.306957120052880228e+00 7.749515889373440380e+00 7.372868738856546145e+00 7.116281133269073855e+00 6.942219438838853840e+00 6.804958007974789780e+00 6.715926612528044792e+00 6.638155700644555957e+00
1.143665612646002216e+01 9.160801675230123564e+00 8.160758540525952398e+00 7.619785678227191106e+00 7.258339273867606245e+00 7.011737730227064702e+00 6.842423794024449002e+00 6.717811798355851849e+00 6.625957747285155186e+00 6.552414174680556869e+00
1.119262782895826369e+01 8.987363314687540239e+00 8.018568786820937433e+00 7.481264178799927222e+00 7.147924414993362063e+00 6.907632485765911490e+00 6.745876491925577589e+00 6.619721007471866869e+00 6.537880913314782383e+00 6.467166744233611375e+00
