3.840859453280647529e+01 2.721108893665683937e+01 2.171801086229330480e+01 1.833127091298475975e+01 1.601048973743433734e+01 1.432098952010902515e+01 1.303685506932141180e+01 1.203795466605058095e+01 1.124194305818733497e+01 1.059255522123799587e+01
4.017630076544326556e+01 2.863642876544817284e+01 2.293930314571202445e+01 1.941240437237073380e+01 1.698902894795747187e+01 1.520851078041807192e+01 1.385865767988052610e+01 1.280181010596814417e+01 1.195875062927575350e+01 1.126865660787074930e+01
4.195059128029033957e+01 3.005862357736206292e+01 2.417370466701168397e+01 2.051088521848337010e+01 1.797510734755226736e+01 1.611582488456586049e+01 1.469928492896161742e+01 1.358719755508443150e+01 1.269627464062899413e+01 1.196273669327728761e+01
4.371901866933860248e+01 3.149846437884110628e+01 2.541720538316036127e+01 2.161694299688982213e+01 1.897531825535360284e+01 1.704082224972231074e+01 1.555835870445338109e+01 1.439004591003097389e+01 1.344828769483156528e+01 1.267538242071283072e+01
4.548835006506180179e+01 3.294013967044801916e+01 2.666807319975287172e+01 2.273156437431153876e+01 1.999036376530572312e+01 1.797946430416327246e+01 1.643146745580390089e+01 1.520651238228897739e+01 1.421756590055070468e+01 1.340383703931989601e+01
4.724756860108600875e+01 3.438144545228702498e+01 2.792727355792662536e+01 2.384832195499714658e+01 2.101581275065725407e+01 1.892967129777102286e+01 1.731569029596043308e+01 1.603521690957552437e+01 1.500122375517103102e+01 1.414413273994797571e+01
4.900800903471763803e+01 3.581452435741647378e+01 2.917938756221326457e+01 2.497507545781327920e+01 2.205034810368613307e+01 1.988847153468854856e+01 1.820960163377289120e+01 1.687779180980815852e+01 1.579335453379761844e+01 1.489310527573700327e+01
5.076057569115572932e+01 3.725817267740445971e+01 3.043325475158332338e+01 2.610949825451018924e+01 2.309242654245886328e+01 2.085301148276823113e+01 1.911217588325741445e+01 1.772574322098731869e+01 1.659195825653723233e+01 1.565394672887552296e+01
5.249583216975361211e+01 3.868645275805150163e+01 3.168163819649532797e+01 2.724094160220174743e+01 2.413946086034529870e+01 2.181754784603475628e+01 2.001610429088813348e+01 1.857592259045369332e+01 1.739965498898016349e+01 1.642486967006633591e+01
5.421310207080684052e+01 4.011043952104613197e+01 3.292069656477795547e+01 2.837606155411281250e+01 2.517917383519551322e+01 2.278678661518854298e+01 2.092410011557905136e+01 1.943373901765600920e+01 1.821223834631812011e+01 1.719880676262504693e+01
5.591388034144606678e+01 4.152246790614321270e+01 3.416442825277066220e+01 2.951104784089108080e+01 2.621645300044318461e+01 2.375433424517867209e+01 2.183327460560821009e+01 2.029064514763637561e+01 1.902832898502574110e+01 1.797397403456144005e+01
5.758928109889932756e+01 4.293241624610111984e+01 3.539884082125359299e+01 3.063187811819152273e+01 2.724952247956527529e+01 2.472125853234661719e+01 2.274203869103905262e+01 2.114783578587725899e+01 1.984262346667180665e+01 1.874799854370975538e+01
5.926124840767291602e+01 4.432503624722134106e+01 3.662686357708487606e+01 3.175129590892272091e+01 2.827895590631664291e+01 2.568033849934765556e+01 2.364774155655332777e+01 2.200388245289425271e+01 2.065038636096452862e+01 1.952339904369996759e+01
6.090014504655076877e+01 4.570430325200737798e+01 3.785280213648329095e+01 3.285826325806417003e+01 2.930284196759745896e+01 2.663630655369687972e+01 2.454621952908127014e+01 2.285886782614383961e+01 2.146143929239513071e+01 2.029952726275517705e+01
6.252238615423837587e+01 4.706489651267256846e+01 3.907121554680309572e+01 3.395732384756369981e+01 3.032509199967173430e+01 2.758515420782775607e+01 2.543995949290888703e+01 2.369643884509953580e+01 2.227065804885398848e+01 2.107361539694841923e+01
6.409726136338865388e+01 4.842060216644497928e+01 4.026408361618641862e+01 3.504116606425354519e+01 3.132851308382055322e+01 2.852808716884981877e+01 2.632296498798506335e+01 2.453656946634872682e+01 2.307252537873396037e+01 2.184744275801964619e+01
6.564729808028803859e+01 4.975427573428135730e+01 4.144064213456590551e+01 3.611619152535195099e+01 3.232047124151415574e+01 2.945776860593638702e+01 2.719082856962366535e+01 2.536955369005460881e+01 2.386663957012531512e+01 2.261217779404056927e+01
6.716030394580224083e+01 5.106442094980463509e+01 4.259808025372708329e+01 3.717109508012308794e+01 3.329817215081608595e+01 3.037506695946607849e+01 2.805361316676002303e+01 2.619220453652160074e+01 2.465784306649117141e+01 2.337433555495503512e+01
6.865566987420497469e+01 5.235212948194563864e+01 4.373937659320915117e+01 3.821147061316247573e+01 3.426367837434980856e+01 3.127293907153537589e+01 2.890639913326596400e+01 2.700453609748665329e+01 2.543517759722677596e+01 2.412133394719505475e+01
7.011512921725896774e+01 5.361916193320789148e+01 4.484978958040224484e+01 3.923195262412927065e+01 3.521260752059384913e+01 3.215089915375163088e+01 2.974408624164814441e+01 2.780428580255592763e+01 2.620147274309321261e+01 2.485709849950051975e+01
7.153351417155755598e+01 5.484886262605227358e+01 4.594359011396727510e+01 4.023921464871681763e+01 3.614459620424078423e+01 3.302071907692293706e+01 3.056896767334289677e+01 2.858953898273214378e+01 2.695834552819829710e+01 2.557788493859465362e+01
7.290549349712956939e+01 5.606318629360157502e+01 4.702592155235613092e+01 4.120829745055232252e+01 3.705530359730067858e+01 3.387215003846834804e+01 3.137616550290750084e+01 2.936199478949846764e+01 2.769486281441703568e+01 2.628314045098607465e+01
7.424377909663847674e+01 5.723895032687866546e+01 4.807815700200281128e+01 4.216502155093191107e+01 3.794407931737142547e+01 3.470620303882466828e+01 3.216527357729459879e+01 3.011972361886038385e+01 2.841622940718639256e+01 2.697665080314369845e+01
7.556046923816501248e+01 5.839317577087827260e+01 4.911153852719566260e+01 4.309724440151078539e+01 3.879357135874642637e+01 3.551912967566075707e+01 3.293921565050423794e+01 3.085738539432886895e+01 2.912080938189147616e+01 2.765249290231987089e+01
7.681836582200610053e+01 5.950399327432185714e+01 5.010457598213786667e+01 4.400905687926514531e+01 3.963068837226559538e+01 3.629824437960655814e+01 3.370374632636728052e+01 3.157630410510618901e+01 2.980651722248232716e+01 2.831738937591130068e+01
7.803699194911575887e+01 6.057991338664790248e+01 5.106627633333372529e+01 4.488547222630484868e+01 4.043629290877139937e+01 3.707187878188512542e+01 3.442869623619558439e+01 3.227596268917464073e+01 3.047194553657516281e+01 2.895682910095179707e+01
7.921353292120024037e+01 6.161877112957964187e+01 5.200110528180874780e+01 4.574056596484826542e+01 4.123558200125764728e+01 3.782283504218540315e+01 3.513562634889246539e+01 3.294708677643761519e+01 3.112007466984148607e+01 2.957692569543137040e+01
8.034628806899178244e+01 6.262317559283957280e+01 5.290931209286032555e+01 4.656967993413164209e+01 4.199945129078102468e+01 3.854753434265229117e+01 3.581757182042024823e+01 3.359144326711417960e+01 3.174345808885638576e+01 3.017461744937655155e+01
8.142310931984643219e+01 6.358137697842830249e+01 5.378452972387732700e+01 4.735969620587783169e+01 4.273829877216373774e+01 3.924781727960051114e+01 3.647586124142770814e+01 3.421659429002018271e+01 3.234267477445107630e+01 3.075081674871298532e+01
8.244479440893435651e+01 6.450032014838481587e+01 5.462972283721351374e+01 4.813394268800207954e+01 4.345338838794875613e+01 3.991342062157248449e+01 3.710823836555043442e+01 3.481960510681793153e+01 3.292033958639991909e+01 3.130618948329738060e+01
8.341129239608164880e+01 6.537551768098921912e+01 5.542908916349135495e+01 4.886970373365679876e+01 4.412757646403700562e+01 4.054786780656809952e+01 3.771131611225811753e+01 3.539814865715746350e+01 3.347092539683603718e+01 3.183753077617242511e+01
8.431774781593122725e+01 6.620691321704086363e+01 5.619900809090420069e+01 4.956466789465755340e+01 4.478161350263970775e+01 4.115532562442459863e+01 3.828922447099004955e+01 3.594831650954354529e+01 3.399738968477570467e+01 3.234920541575813502e+01
8.517224172632587909e+01 6.699225118202124918e+01 5.692181116387652651e+01 5.021845486784285129e+01 4.540910352684729645e+01 4.173367027486180802e+01 3.883756382826681630e+01 3.646738986161304297e+01 3.449396349022444497e+01 3.283389100004004035e+01
8.601062883790235958e+01 6.774095357035022857e+01 5.760154629406017790e+01 5.084157391714587959e+01 4.598804838984090537e+01 4.227709945491840671e+01 3.935585902857569351e+01 3.695964014264620090e+01 3.496224585015526998e+01 3.328689184082889341e+01
8.676526437149742321e+01 6.843286565277473699e+01 5.823697351748990059e+01 5.142789845790625947e+01 4.654115395325954552e+01 4.279062891867069851e+01 3.983896327266573678e+01 3.742060468639121495e+01 3.540768532669368085e+01 3.371294958874076286e+01
8.745268853425928057e+01 6.907768361026545278e+01 5.883179463702107626e+01 5.198393686119726453e+01 4.704944568947914973e+01 4.326285884713855268e+01 4.029040158282219863e+01 3.784884320774003896e+01 3.582565759814907125e+01 3.410768193398519799e+01
8.808031905450329191e+01 6.967383580672166943e+01 5.938019240453089509e+01 5.248374593685798573e+01 4.753048063776812882e+01 4.370073810285896343e+01 4.071429949273644411e+01 3.824582408196527439e+01 3.620484200412986553e+01 3.447121261216505417e+01
8.865077543524222392e+01 7.022039653999091513e+01 5.987718380142349162e+01 5.294290233411299340e+01 4.795596407649377113e+01 4.411309893665849557e+01 4.109141601701975333e+01 3.860414347972851346e+01 3.655203612561297177e+01 3.480393303531455729e+01
8.915996755182366940e+01 7.073097060790480839e+01 6.032514016441810867e+01 5.335491333761623878e+01 4.834279291304412141e+01 4.447522731547689290e+01 4.143563026599102983e+01 3.893483698276145333e+01 3.686150821409315625e+01 3.510519027490838084e+01
8.961694681247627159e+01 7.116662692105545318e+01 6.072491491698933430e+01 5.372454223193349065e+01 4.868398835251227297e+01 4.479574968283817071e+01 4.173990273058424805e+01 3.922393551211408180e+01 3.713748642790643117e+01 3.536942733464963595e+01
9.000005852969680120e+01 7.154112340854015883e+01 6.108395922673853562e+01 5.404492517567523890e+01 4.898923846940759574e+01 4.507253987118944849e+01 4.200481092327841282e+01 3.946951251665421267e+01 3.737721851741498114e+01 3.559960556361566830e+01
9.031045805282882100e+01 7.185498674174927203e+01 6.137475627264089439e+01 5.431452496507606043e+01 4.923178366639098869e+01 4.530535383321964815e+01 4.222101332947737973e+01 3.967900450082454711e+01 3.757591626927551687e+01 3.579493359938386021e+01
9.056136287807949259e+01 7.211042041378810552e+01 6.161087902495884094e+01 5.452954837303879287e+01 4.943044025470330638e+01 4.548990180810642414e+01 4.239363926794741388e+01 3.985143818652126413e+01 3.773248866943275459e+01 3.594338960829040275e+01
9.075832250680390700e+01 7.229556924127025752e+01 6.177359473740543194e+01 5.469049707515672765e+01 4.957725118220070470e+01 4.561867491744342118e+01 4.251750607399470283e+01 3.997119790945516371e+01 3.784484030795687204e+01 3.605402057431132334e+01
9.087303205212333523e+01 7.242381017865332637e+01 6.189253750422799527e+01 5.479233184549436686e+01 4.966232997155947260e+01 4.570034576702416729e+01 4.259082270963222783e+01 4.003836012752719853e+01 3.791023890665872642e+01 3.611249423367866740e+01
9.090967632652325392e+01 7.248604857492885856e+01 6.194376371114024238e+01 5.483569821992234949e+01 4.969456714939961017e+01 4.572537204515838738e+01 4.261078172807335562e+01 4.005515301741843359e+01 3.792080870044516416e+01 3.612794044477652733e+01
9.088557385824336166e+01 7.247256304328900001e+01 6.193359381431450572e+01 5.482111193770137447e+01 4.966785072841427251e+01 4.569160834169156260e+01 4.257426859003408026e+01 4.001705210263748569e+01 3.788987102675825014e+01 3.608805746453154484e+01
9.077528752129030920e+01 7.239560159951868457e+01 6.184806829148287477e+01 5.473774663624543280e+01 4.957471066322217723e+01 4.560145962842945266e+01 4.247628511777578098e+01 3.991916032232309419e+01 3.779332880389252125e+01 3.599084371368938662e+01
9.060349817126972027e+01 7.223499683094902934e+01 6.169714987710167264e+01 5.458104958661645867e+01 4.941396269088944138e+01 4.543570824176229195e+01 4.231522125111013821e+01 3.976004501925171297e+01 3.763650626689101131e+01 3.583403323777336880e+01
9.034823488337632114e+01 7.201616137332521816e+01 6.148496827965277589e+01 5.435585124006758662e+01 4.918492576880064604e+01 4.520806334262329784e+01 4.208431643516018283e+01 3.953438981219171922e+01 3.741513448644805351e+01 3.561370731234303832e+01
9.001970141021608640e+01 7.170975339009109462e+01 6.118164171992770406e+01 5.405712703679604658e+01 4.889165301740806768e+01 4.490114245154261141e+01 4.178801808629749814e+01 3.924223209847281169e+01 3.712600170038425773e+01 3.533190723052359061e+01
8.960060617466764654e+01 7.132516735844754407e+01 6.080091825005872153e+01 5.368024000036756149e+01 4.851657302215230771e+01 4.452992819571843341e+01 4.141250800807080168e+01 3.886929718055780825e+01 3.676756537328348884e+01 3.498245834940517796e+01
8.911712577777622357e+01 7.086339377112888371e+01 6.034373318760297877e+01 5.322539193040741878e+01 4.806223739073898571e+01 4.408063486066723158e+01 4.095919325395004051e+01 3.844281848042724192e+01 3.634087173169170626e+01 3.456344479127951530e+01
8.853998670935585835e+01 7.031946556379685376e+01 5.980957062907400257e+01 5.269460808799914986e+01 4.753353470791173407e+01 4.355557394279543360e+01 4.042131317948239655e+01 3.793319438787544584e+01 3.583609792293387386e+01 3.407897737432828222e+01
8.787811537269530504e+01 6.968704652884383677e+01 5.918310673011961853e+01 5.207308391681142723e+01 4.692066693801413635e+01 4.294803701396524787e+01 3.981423715843323663e+01 3.733774274808389748e+01 3.526739520535100780e+01 3.352542078188494656e+01
8.713499802673101158e+01 6.896874741874765391e+01 5.847157946314397492e+01 5.137641926574152507e+01 4.621859027436279632e+01 4.227624402101614720e+01 3.915879626971147331e+01 3.667974384798763055e+01 3.463182582383164743e+01 3.291145119478201053e+01
8.628995284565976931e+01 6.815520046075168636e+01 5.765078330740283263e+01 5.056302465675442193e+01 4.543144251833395231e+01 4.151770125579005821e+01 3.841583643964991523e+01 3.594825009716191744e+01 3.393144846925606117e+01 3.223460777120207865e+01
8.537117424159401935e+01 6.726838828213396937e+01 5.674678544527404256e+01 4.969526562145393456e+01 4.457331001331121456e+01 4.067975881931780435e+01 3.760298514982640938e+01 3.514649334731748098e+01 3.317202035895645196e+01 3.150636562040277511e+01
8.435421797690867152e+01 6.628705384104485177e+01 5.577231745320852951e+01 4.874069021570754501e+01 4.363979712742794703e+01 3.977159891737196062e+01 3.672515981200195512e+01 3.429292205196573917e+01 3.234189159582621897e+01 3.072881516971548876e+01
8.326531653808173417e+01 6.520975649369479754e+01 5.469952356472139599e+01 4.769133914113671580e+01 4.262062557747282909e+01 3.877297060414496599e+01 3.578960581441784683e+01 3.339662750942625280e+01 3.147527971103723132e+01 2.990233358194905477e+01
8.208536802809518917e+01 6.403662621913601072e+01 5.353894753656000205e+01 4.657371009274312001e+01 4.154196098196191400e+01 3.774273316502822695e+01 3.479750503512642723e+01 3.246133495086640153e+01 3.056545596314031599e+01 2.904797514238781631e+01
8.081178385194920111e+01 6.278318647243310835e+01 5.228602442875401834e+01 4.536801090140501458e+01 4.040969449185995188e+01 3.665466794233746839e+01 3.376848391160707763e+01 3.148318103511561006e+01 2.965303468894314065e+01 2.817273053297657981e+01
7.945379904739247934e+01 6.143795187842449224e+01 5.098298088501535119e+01 4.411386411523074713e+01 3.921950396467862276e+01 3.552588284016023579e+01 3.270597749661497744e+01 3.050641293952516975e+01 2.872567235506954120e+01 2.731208492423485268e+01
7.800565771867326248e+01 6.001686409165795055e+01 4.961098234364564519e+01 4.280250909104398005e+01 3.795181826982132378e+01 3.437333907750561224e+01 3.163250149470854922e+01 2.948911370963237388e+01 2.781093667810866066e+01 2.644994310447893326e+01
7.646627229914309964e+01 5.848462661262985307e+01 4.816804888170345578e+01 4.142821758705742496e+01 3.666963280197293784e+01 3.318373158445437099e+01 3.053351840271701434e+01 2.849164436585554583e+01 2.688900537987374406e+01 2.562606952479452715e+01
7.480827448834102711e+01 5.688881557557853341e+01 4.667262364587458023e+01 3.999624326332810398e+01 3.536857973443753167e+01 3.199040191088107932e+01 2.945807643932100817e+01 2.750830707699125810e+01 2.599129833783838706e+01 2.478742744895716399e+01
7.312316960448322334e+01 5.525868292757269984e+01 4.513187361672962084e+01 3.856421828599737012e+01 3.406088044892005229e+01 3.080212279675584242e+01 2.839109914358651210e+01 2.655236598154559857e+01 2.512524870027432655e+01 2.400385098209898871e+01
7.136222761089364042e+01 5.356296689565836289e+01 4.355106372634151057e+01 3.711319960856993561e+01 3.275784170318411981e+01 2.962876189252281378e+01 2.735021477529817702e+01 2.562889457637946933e+01 2.431733470542444664e+01 2.326614259427229925e+01
6.952833953510574361e+01 5.179602794142203948e+01 4.196377649309425095e+01 3.569225231990142078e+01 3.146567520559188580e+01 2.849487945274479372e+01 2.634898465178736515e+01 2.475387191006862508e+01 2.353448063846281002e+01 2.258613025847609634e+01
6.760966291318084131e+01 5.001450132618990096e+01 4.032624655861617669e+01 3.426636661218604729e+01 3.021595402669592545e+01 2.739953330861090564e+01 2.540259938319086075e+01 2.394018671920552066e+01 2.283554309197267074e+01 2.197629463419127660e+01
6.566154420896387478e+01 4.822534404549007547e+01 3.873957839702516281e+01 3.287386831182880798e+01 2.901032616907516726e+01 2.637009456906522331e+01 2.453143671120604452e+01 2.321698108506684477e+01 2.221234274036553202e+01 2.143013837133292654e+01
6.365756661210622980e+01 4.638425063692696426e+01 3.716373874552829903e+01 3.150612620734018421e+01 2.787595784455988834e+01 2.542887378660028830e+01 2.377478488400462808e+01 2.256536791024148769e+01 2.165748105024079351e+01 2.094157456682870233e+01
6.163428505921866218e+01 4.456342443840586043e+01 3.562294952669925152e+01 3.022751607345502478e+01 2.682008570427149152e+01 2.457868510048114175e+01 2.308285873021483070e+01 2.198923014821775723e+01 2.115865236013265971e+01 2.051719314430981811e+01
5.955605108266803427e+01 4.276474891196794914e+01 3.409456248219081687e+01 2.900504200041764236e+01 2.585728046950348613e+01 2.382417560343944274e+01 2.247506777333554595e+01 2.146944754809629075e+01 2.071392412782101644e+01 2.009877388407193521e+01
5.744886581842242634e+01 4.101144166730051666e+01 3.263777918625786612e+01 2.787103571777065270e+01 2.500620964846497074e+01 2.316853633929359901e+01 2.192771576323782057e+01 2.101376309322136748e+01 2.029059917117562861e+01 1.971345740804886404e+01
5.538787047048994339e+01 3.927907805255673424e+01 3.125337544200828432e+01 2.684655195965494556e+01 2.426104481977920813e+01 2.258238999181187978e+01 2.144673054315726546e+01 2.057551703245312069e+01 1.989684015725378430e+01 1.935290764836350164e+01
5.331733371018822254e+01 3.755609601613769399e+01 2.998244502295325731e+01 2.594903973536852959e+01 2.361577222823217426e+01 2.207140706996479906e+01 2.098322535864716087e+01 2.015310461447554857e+01 1.952473893930593718e+01 1.900790435328867289e+01
5.125487640028173786e+01 3.593347491922067150e+01 2.880580376879429849e+01 2.517336090404144144e+01 2.302575288164852196e+01 2.157976547222812158e+01 2.055025435392663979e+01 1.976530968158611401e+01 1.917218004343644111e+01 1.867974962262673344e+01
4.922463086189829085e+01 3.443327875687713657e+01 2.777896132718752398e+01 2.447038775444792691e+01 2.248553603495491870e+01 2.112075641367638923e+01 2.014696371024353283e+01 1.939889690225422214e+01 1.882886135219024482e+01 1.836543069834624475e+01
4.726434991670382857e+01 3.299024360510057363e+01 2.688640539461992773e+01 2.385832499611856150e+01 2.198156055745662840e+01 2.069109694878509487e+01 1.975220512975461062e+01 1.905163835719827858e+01 1.851618218246928294e+01 1.806656089721589709e+01
4.533380277066389397e+01 3.164092877716456087e+01 2.608441091104463538e+01 2.327813666702320461e+01 2.151193112331758428e+01 2.029725726065571934e+01 1.938752802568379963e+01 1.871736255492893974e+01 1.820552963145770775e+01 1.777636155188362821e+01
4.348525019283922433e+01 3.047165746669867659e+01 2.535891088550649286e+01 2.273917978208074686e+01 2.105763644785160338e+01 1.989662182580609695e+01 1.903823523341585044e+01 1.839120103680689056e+01 1.790179749878771531e+01 1.749611256744590193e+01
4.165449027542759808e+01 2.939654647688116285e+01 2.470747997092153270e+01 2.223519573054516840e+01 2.065429256551523096e+01 1.953319815284258354e+01 1.870405532694048034e+01 1.808254290347770166e+01 1.761405040378506826e+01 1.722597996228325101e+01
3.992378412775768481e+01 2.848334152676493858e+01 2.410426070574428081e+01 2.175857618713009245e+01 2.025126507861123315e+01 1.917960254800775388e+01 1.838142707944426490e+01 1.779862855836224611e+01 1.733442258575573902e+01 1.695789725621633792e+01
3.829020943476552929e+01 2.767231518026949288e+01 2.354519986442465296e+01 2.129233253006728077e+01 1.984826546276018533e+01 1.883720149077199579e+01 1.807009386902295844e+01 1.750145589071692953e+01 1.706206552088014661e+01 1.670068447116035415e+01
3.679396569368719838e+01 2.693272895776875941e+01 2.301876072676797236e+01 2.087232397903663639e+01 1.947694340081564235e+01 1.850793159935030374e+01 1.778730969147225949e+01 1.722200064702100875e+01 1.678645743183499306e+01 1.645189356460403474e+01
3.534851308207298359e+01 2.623454004381582294e+01 2.251946267332623819e+01 2.046065313610029790e+01 1.911711561809094562e+01 1.818945625698565749e+01 1.749516843576041580e+01 1.695091206506676329e+01 1.652819839058064844e+01 1.620907162144565561e+01
3.408311977707555229e+01 2.559499007565251816e+01 2.204424932484213784e+01 2.006735746283157695e+01 1.877192163898594757e+01 1.788274977001131205e+01 1.721336984452069174e+01 1.668895647086959499e+01 1.628025919393584431e+01 1.597273969357549106e+01
3.296649160095227415e+01 2.499197862428735206e+01 2.159151149882064757e+01 1.968267889814520188e+01 1.843990486741913770e+01 1.758273554853212062e+01 1.693967524376718714e+01 1.643304728231134604e+01 1.603973632356635193e+01 1.574374533605722348e+01
3.196481649223569832e+01 2.442130227081917226e+01 2.115784287365125493e+01 1.931861023515843101e+01 1.811874954501718449e+01 1.729256548008637040e+01 1.667259417039228708e+01 1.618407326890963560e+01 1.580439045873592008e+01 1.553200991043653190e+01
3.105697086233017856e+01 2.386282806769018805e+01 2.073925012091685005e+01 1.896433908689454029e+01 1.780718446413327527e+01 1.701189090251185476e+01 1.641273954814984393e+01 1.594209285383919017e+01 1.557492568691719548e+01 1.531039912522711788e+01
3.022599671245891884e+01 2.335548728066466140e+01 2.033493498096947860e+01 1.862512706781008376e+01 1.750539208587971274e+01 1.673703263420764387e+01 1.616037010565962362e+01 1.570781673438807147e+01 1.536803933110718035e+01 1.509760111236092328e+01
2.944930764095913389e+01 2.285528099579239480e+01 1.994852950182443507e+01 1.829381953711485664e+01 1.721213481379753318e+01 1.646864886009731066e+01 1.589836459836885041e+01 1.546630916364069641e+01 1.513305809333126639e+01 1.488637833800174803e+01
2.872359913072102700e+01 2.237641891349973733e+01 1.957579325496257994e+01 1.797491462130358997e+01 1.692548699428376935e+01 1.620703476734651005e+01 1.565943773581156329e+01 1.524112254498226626e+01 1.492225323315759056e+01 1.468235270325982178e+01
2.803577236837432807e+01 2.189330035195151680e+01 1.921389212249874490e+01 1.766584053213319905e+01 1.666204010158979543e+01 1.595373038228107632e+01 1.542427569342184412e+01 1.502167610982644241e+01 1.471207788673102534e+01 1.448582972618269693e+01
2.737907655898926151e+01 2.145790172245119720e+01 1.886347819395039593e+01 1.736503896561878335e+01 1.639459508489153805e+01 1.570671582315613612e+01 1.519696648494762137e+01 1.480697673944750825e+01 1.450796422172111377e+01 1.429068070130289669e+01
2.675359291771327719e+01 2.103522977179093090e+01 1.852467955594885751e+01 1.707672770397872242e+01 1.612851991006156638e+01 1.546711586162621543e+01 1.497213618564041404e+01 1.459723049364603042e+01 1.430850551718491559e+01 1.409822825933326129e+01
2.615977985583581145e+01 2.061946833134369683e+01 1.819668180035332483e+01 1.679119827024079115e+01 1.587163177643000012e+01 1.523309732837167552e+01 1.474563453223039744e+01 1.439267855711910649e+01 1.411421421752801741e+01 1.391293533363240620e+01
2.556670027248749832e+01 2.023857812393377031e+01 1.787713453105893890e+01 1.647814540349866874e+01 1.562104894368318853e+01 1.500435152780657333e+01 1.453398129850250164e+01 1.419813080316446374e+01 1.392333290925495604e+01 1.372020056277501432e+01
2.501543209216215402e+01 1.985671688607438412e+01 1.756476787387929406e+01 1.622725703793696539e+01 1.537874057494710556e+01 1.478112751100298716e+01 1.432375572915482209e+01 1.400152097126877671e+01 1.373661338618570937e+01 1.354017228753682289e+01
