2.197135224905930784e+01 1.518559402312619433e+01 1.191862397896270132e+01 9.952280952248477419e+00 8.638855269715566720e+00 7.706729602772299792e+00 7.015027489834692709e+00 6.483784898657134477e+00 6.062437968598775484e+00 5.722488251587150465e+00
2.317443650401494892e+01 1.613124515364990685e+01 1.271832479071013999e+01 1.065138718080277158e+01 9.261023212320301568e+00 8.267745982380946046e+00 7.524564225521639393e+00 6.952265848857784647e+00 6.498257254894758361e+00 6.131035554246646591e+00
2.439113903660745919e+01 1.708963324631446312e+01 1.353524546615873447e+01 1.136924117664749545e+01 9.901918362853223243e+00 8.843108380508478916e+00 8.050881301611807928e+00 7.437296168980179090e+00 6.949932400745456818e+00 6.556310855605766541e+00
2.561516849834217879e+01 1.805760780471578997e+01 1.436718882562049515e+01 1.210010202721103134e+01 1.055585630733328095e+01 9.435447178311566319e+00 8.593277004217746651e+00 7.938920730780417045e+00 7.417604309326396361e+00 6.993881073676103455e+00
2.684735371107674951e+01 1.903647302114909934e+01 1.520665488198811843e+01 1.284182717186508427e+01 1.122151696171280477e+01 1.004256684889366547e+01 9.150177009764389524e+00 8.455155054886951405e+00 7.898944788815331464e+00 7.448294364360020126e+00
2.808076243059294086e+01 2.002533608571466672e+01 1.605485227209269894e+01 1.359312904973145919e+01 1.189855142013180433e+01 1.066010886608641606e+01 9.720207455156305798e+00 8.983537652849449273e+00 8.396037566148475406e+00 7.917366107388272845e+00
2.931153808386995863e+01 2.101686500964042992e+01 1.691301878716029705e+01 1.435412964488022780e+01 1.258617667698325704e+01 1.128891787997823748e+01 1.029923527889954826e+01 9.526472191948997192e+00 8.906068561302383557e+00 8.398858750604967227e+00
3.054673339647141361e+01 2.200861500381184754e+01 1.777390570985896900e+01 1.511941446873720452e+01 1.328013985349060277e+01 1.192636308419255364e+01 1.089206057553852780e+01 1.008123477233823984e+01 9.428928122485318752e+00 8.891357272551529078e+00
3.178064432875855516e+01 2.300310913254456224e+01 1.863677239237132000e+01 1.589047334306276937e+01 1.397999846618590603e+01 1.257268582098140541e+01 1.149477988790534688e+01 1.064542222671228622e+01 9.958195271171902618e+00 9.393754261839323050e+00
3.301483808924014340e+01 2.399812819656460405e+01 1.950265061553659862e+01 1.666267741703690319e+01 1.468422645220955403e+01 1.322579751676066273e+01 1.210398930858354660e+01 1.121580705702016800e+01 1.049666137256120813e+01 9.903977016770053154e+00
3.424240602357516394e+01 2.499854374859829420e+01 2.036914070360034046e+01 1.743859723538260909e+01 1.539508077017083565e+01 1.388300855902625486e+01 1.271637778540929631e+01 1.179225618668950482e+01 1.104096288007781723e+01 1.042067778662897837e+01
3.545884752413366670e+01 2.599101515371964410e+01 2.122221631090566163e+01 1.821335461536375888e+01 1.610509663971735606e+01 1.454511926541682065e+01 1.333463360623433580e+01 1.237234465923001459e+01 1.158869146794073046e+01 1.094202121422876850e+01
3.666790715182586524e+01 2.697561298168633570e+01 2.207777988823212567e+01 1.898913682070130449e+01 1.681366279540792519e+01 1.520384333301686475e+01 1.395295348573865546e+01 1.295291218205413308e+01 1.214012561868657336e+01 1.146619835742259852e+01
3.786431113291715889e+01 2.795474465766710637e+01 2.293200811370784464e+01 1.975976918884021316e+01 1.752848744484774812e+01 1.586400703200498974e+01 1.457051728896756870e+01 1.353759368738875679e+01 1.269422685248205163e+01 1.199453753189223448e+01
3.904826932019329888e+01 2.892787310718104621e+01 2.377472461035947049e+01 2.052610271575815304e+01 1.823393342178594878e+01 1.652213905270496141e+01 1.518655084301317260e+01 1.412022182023580719e+01 1.324694380581688513e+01 1.251908293274259520e+01
4.021718131985813471e+01 2.989723864865811365e+01 2.461727466173153545e+01 2.129054637278030171e+01 1.893531669924905003e+01 1.717669843851535916e+01 1.580072779175728037e+01 1.470080330458573492e+01 1.379835554761070426e+01 1.304601903069735691e+01
4.138135329341523772e+01 3.085035008279825064e+01 2.545177098882652800e+01 2.204531748556190962e+01 1.963123719573960813e+01 1.782579175301821195e+01 1.641394137603886705e+01 1.527798072562756815e+01 1.434675197724783224e+01 1.356742361710773004e+01
4.251609923729743201e+01 3.178279535948923495e+01 2.628222372260664486e+01 2.279368876346942585e+01 2.031808753632333975e+01 1.846494535790021629e+01 1.701654750333337063e+01 1.584872427548210716e+01 1.488879487633799314e+01 1.409149892940927451e+01
4.363304133522809281e+01 3.271521543675470411e+01 2.709731177148346859e+01 2.353245233106940404e+01 2.099954059218388025e+01 1.910381402722632771e+01 1.761551002270980604e+01 1.641235430040632792e+01 1.542604511616814733e+01 1.460334082943557732e+01
4.472503491936573283e+01 3.363070852056876703e+01 2.790006307249797146e+01 2.425919368823806366e+01 2.166788230304263863e+01 1.972594683149474193e+01 1.820308195232396642e+01 1.696961987841275032e+01 1.595845860106751601e+01 1.511373245163920487e+01
4.579615757210942206e+01 3.453382689428374164e+01 2.869498584260296425e+01 2.497875543367863216e+01 2.232930692059501254e+01 2.034113903825442549e+01 1.878157792323954922e+01 1.752200613030754539e+01 1.648323329699983475e+01 1.561467178591183469e+01
4.684632928113398975e+01 3.541695454215667382e+01 2.946502128446136126e+01 2.568022817107811306e+01 2.297802078954169502e+01 2.094723145104442708e+01 1.934876924808313703e+01 1.806097303655310071e+01 1.699699993226030870e+01 1.610887486052472539e+01
4.786450508944550819e+01 3.628011302747552236e+01 3.022489535500919544e+01 2.636509665149514703e+01 2.361225591542085667e+01 2.154029778142902529e+01 1.990808636192367587e+01 1.858585874098386626e+01 1.750166091326560291e+01 1.659673932383995165e+01
4.885835743074157733e+01 3.712494765418804832e+01 3.096304627633225692e+01 2.703495260915758536e+01 2.423927379276664595e+01 2.211968419244839623e+01 2.045527288833088164e+01 1.910455103651784015e+01 1.799767155822315345e+01 1.707231144328111583e+01
4.984281312670030673e+01 3.794718510216386420e+01 3.168631049319246529e+01 2.768460838446527461e+01 2.483770888243222075e+01 2.268126014195493667e+01 2.097992237578736763e+01 1.960953417038832214e+01 1.847961359306366802e+01 1.753655760928698371e+01
5.077969540248618330e+01 3.874705115729588556e+01 3.239324113747691314e+01 2.832531653703232877e+01 2.542310612711963103e+01 2.323066762704945631e+01 2.149592946003586036e+01 2.010361346592340581e+01 1.895351522311124270e+01 1.799011453459477394e+01
5.167774760277041679e+01 3.952502232069402766e+01 3.307568451076486582e+01 2.894227328550405076e+01 2.599341587195884173e+01 2.376184080427200129e+01 2.199869151976777459e+01 2.057789687912646670e+01 1.940849698854250249e+01 1.842787981815221343e+01
5.255913680596342630e+01 4.028207151040062683e+01 3.373774415530844095e+01 2.954440611413783913e+01 2.654315899164958381e+01 2.426793139190757032e+01 2.248344491496056463e+01 2.103680147275395029e+01 1.985065880759191259e+01 1.885494834208616055e+01
5.340958716949059948e+01 4.102062668312625249e+01 3.438354171497191913e+01 3.012736356055356168e+01 2.707578653837338223e+01 2.476064690630463616e+01 2.294674062026845007e+01 2.148129104283656332e+01 2.027588426837389335e+01 1.926310831200716223e+01
5.421824918785991088e+01 4.171833352396448191e+01 3.500245731600782051e+01 3.068336701391676868e+01 2.758735803710581536e+01 2.523610568488974693e+01 2.339649437528698783e+01 2.191104257736912686e+01 2.068374615345999956e+01 1.965480327050905629e+01
5.498143231151345844e+01 4.238810783852980535e+01 3.559868282260660521e+01 3.121646067257497492e+01 2.807374046306375703e+01 2.569650568217366526e+01 2.382679753191606764e+01 2.231910788889550190e+01 2.107465229155686970e+01 2.002478132703466329e+01
5.570614665069302163e+01 4.302035676881172321e+01 3.616739030140557531e+01 3.172734593695890126e+01 2.854197170047270049e+01 2.613283395036534884e+01 2.423917480227590460e+01 2.271448794066881050e+01 2.145211799988629764e+01 2.038551363035126585e+01
5.640792979224927706e+01 4.362762473748561831e+01 3.672059990173664801e+01 3.221608469870571412e+01 2.898814119131622036e+01 2.654812253456874060e+01 2.463328897303165377e+01 2.308399204825683526e+01 2.180362063975838893e+01 2.072472278912596977e+01
5.705200407325572343e+01 4.419139162158117529e+01 3.723741204051997755e+01 3.267816886226277973e+01 2.940652494085898638e+01 2.693940443868598678e+01 2.500182320271938607e+01 2.343609328729219854e+01 2.213544688462355126e+01 2.104426547229149946e+01
5.765695804119575740e+01 4.472907984123978054e+01 3.771530860732882928e+01 3.310935156505470900e+01 2.980022635520397856e+01 2.731046818993846514e+01 2.534846957642908905e+01 2.376174523651297221e+01 2.244730425449633771e+01 2.134234387587592963e+01
5.821944688631747056e+01 4.523230485391172806e+01 3.815932236676523814e+01 3.351347456618665177e+01 3.016919022751230983e+01 2.765270035776671875e+01 2.566964057747035000e+01 2.406661341283706790e+01 2.273779681031580324e+01 2.161921677763405825e+01
5.873466311537753626e+01 4.569393227019141079e+01 3.857256848735794108e+01 3.388673762894831754e+01 3.051315379091134616e+01 2.797025784272259585e+01 2.596639749673351716e+01 2.434651515179495007e+01 2.300185235757126634e+01 2.187240740292024910e+01
5.922389441474685867e+01 4.611798290327893568e+01 3.895121191600146915e+01 3.422700200553289562e+01 3.082475480154326775e+01 2.825881989935248839e+01 2.623682339708928879e+01 2.460638793125595924e+01 2.324794951227518069e+01 2.210674810128253753e+01
5.964755024296615460e+01 4.651095464049092953e+01 3.929891673825036946e+01 3.453462118988714025e+01 3.110736207451354929e+01 2.852711232561339472e+01 2.648072060435091402e+01 2.483681282968557369e+01 2.346699902133941151e+01 2.231668892610315069e+01
6.002480756725718436e+01 4.685175612720999538e+01 3.960023035094366151e+01 3.480975487519121714e+01 3.135822367437541303e+01 2.875866696706607684e+01 2.669670719469883124e+01 2.503885032885803597e+01 2.365994814739265095e+01 2.250037740095540428e+01
6.035443646991856781e+01 4.716293517362331755e+01 3.986702105193108281e+01 3.504755652689902234e+01 3.157443117329060200e+01 2.895746632950395139e+01 2.687797592775473987e+01 2.520949013634137970e+01 2.382604188564381431e+01 2.265515882505467360e+01
6.063163966754685674e+01 4.741671588965451178e+01 4.008962123061223082e+01 3.524856224550608630e+01 3.175766823961885876e+01 2.912198560613034104e+01 2.702999448763040036e+01 2.535485546795109357e+01 2.396245614386329947e+01 2.278774452970817777e+01
6.086441207140207155e+01 4.761774196732086750e+01 4.027122877694731784e+01 3.540733936876470977e+01 3.190476733261133901e+01 2.925228001427034386e+01 2.714811158226300236e+01 2.546700940242584466e+01 2.406859125394316123e+01 2.288784485740874430e+01
6.103821718198746282e+01 4.777572910689919183e+01 4.040875725409669883e+01 3.552765611841966376e+01 3.200562824680275043e+01 2.934446553142230840e+01 2.723184690917923589e+01 2.554764801394995288e+01 2.413908695993756837e+01 2.295651533145156975e+01
6.114950370919546430e+01 4.788186682602696465e+01 4.049792141197498552e+01 3.559724097305500834e+01 3.206721221469604899e+01 2.939429164003177775e+01 2.727505544955038275e+01 2.558489925683667465e+01 2.417422996688859271e+01 2.298707654839248704e+01
6.121351566628307950e+01 4.793748498905181776e+01 4.052406740690629050e+01 3.562348549392863362e+01 3.208154709839928387e+01 2.940142055388925257e+01 2.727308173964220117e+01 2.558379912874253392e+01 2.417082191031240868e+01 2.298338404810950308e+01
6.120994660382270780e+01 4.793806726306175392e+01 4.051472065919979570e+01 3.559852324497710896e+01 3.206191983165839332e+01 2.936066392085251309e+01 2.723396733960083438e+01 2.553669877250219145e+01 2.412289597418803311e+01 2.293645421852349031e+01
6.115680703618389202e+01 4.787941563557780711e+01 4.044718053306242922e+01 3.551452919114034046e+01 3.197733391782409740e+01 2.927839315133711651e+01 2.714152876620753574e+01 2.543904880476577901e+01 2.402901949364950340e+01 2.284316675987772172e+01
6.104178747763236856e+01 4.776336899047933571e+01 4.032442894294157298e+01 3.538329563023650337e+01 3.184049627641902802e+01 2.913706682400292891e+01 2.699916328710807534e+01 2.529371971505310768e+01 2.388668299297432895e+01 2.270274399939894039e+01
6.086292263418138049e+01 4.759547488026118600e+01 4.014149018729268192e+01 3.519314648237610044e+01 3.164160207397984692e+01 2.894059019498051910e+01 2.680060826628672999e+01 2.509370642787058614e+01 2.369245572885366613e+01 2.251065998971128579e+01
6.062330765628946949e+01 4.735513948189480971e+01 3.988964538116800185e+01 3.494901712839209296e+01 3.138804847858327918e+01 2.868285111575945123e+01 2.654235210989798333e+01 2.483480566495660113e+01 2.344302218146611239e+01 2.226821875281404672e+01
6.031530098861760081e+01 4.705990336327587187e+01 3.957624261039507729e+01 3.463167821594788620e+01 3.107472361515221593e+01 2.835926564741566480e+01 2.622962030095547092e+01 2.452312068728967631e+01 2.313537957364614073e+01 2.197053914892616433e+01
5.994127629819679015e+01 4.669542415257292589e+01 3.919400938710167992e+01 3.424964459243803105e+01 3.069203094774193730e+01 2.797744531496199016e+01 2.585321494624620442e+01 2.414693044324667426e+01 2.277272469256020671e+01 2.162422092244882421e+01
5.950333626149407706e+01 4.625661885164203113e+01 3.874454672996336058e+01 3.380187527612063292e+01 3.024482453793252290e+01 2.754029116891446094e+01 2.542075776100179851e+01 2.372324926268017009e+01 2.235517466578512114e+01 2.122338835383300193e+01
5.898591484751239022e+01 4.573819646971043795e+01 3.821811906212258236e+01 3.329191284063197287e+01 2.972548843328862134e+01 2.703941825829977574e+01 2.493076350834975230e+01 2.324572919493197887e+01 2.188363580572637090e+01 2.077347015167504907e+01
5.840543209571683292e+01 4.516319546476712787e+01 3.763190934345232819e+01 3.270758661483857566e+01 2.914597430633370934e+01 2.647474582628498396e+01 2.438103808701922048e+01 2.271829784767488292e+01 2.137109779066500792e+01 2.027541179432442320e+01
5.775799776218954662e+01 4.450720212126870479e+01 3.696003568193541611e+01 3.205152764904317308e+01 2.850569112861763799e+01 2.584868212215568661e+01 2.379245446817338916e+01 2.214121988939296770e+01 2.082121366724929601e+01 1.974627056378193757e+01
5.703105619042304397e+01 4.377986683032874282e+01 3.622957071508862015e+01 3.131920333107801113e+01 2.779998827570181064e+01 2.517430676546254631e+01 2.314538409764844928e+01 2.153518726358327484e+01 2.024460754373427562e+01 1.919090846243060966e+01
5.622048786851851787e+01 4.297862849437601085e+01 3.543086470256410792e+01 3.053608847747124599e+01 2.703970322804926596e+01 2.445186795547090952e+01 2.245490157986660762e+01 2.088473170818868496e+01 1.962990761246408411e+01 1.861707126893106690e+01
5.534684026976081128e+01 4.210269982200788519e+01 3.456919394053920769e+01 2.969009841359928714e+01 2.623046851643178812e+01 2.368721820445634307e+01 2.173553126124113177e+01 2.021354940433236180e+01 1.900327696445809167e+01 1.803774912181149759e+01
5.439447867166842343e+01 4.112624075066544549e+01 3.363860293008591640e+01 2.878537176857712154e+01 2.536275454748128055e+01 2.286470625066569085e+01 2.098308914864320585e+01 1.952435466858359447e+01 1.836823653878562013e+01 1.744614562738405894e+01
5.336955265882708233e+01 4.010508163220700339e+01 3.265313212619459904e+01 2.783645140090930070e+01 2.448210747021155598e+01 2.203919342487345290e+01 2.022867475970429751e+01 1.883055744472898141e+01 1.774149515689630263e+01 1.687162405854553526e+01
5.226631962690962041e+01 3.901404390465422978e+01 3.161445502896905069e+01 2.683308690223796944e+01 2.356871554183758377e+01 2.119888741202075622e+01 1.946154452851015648e+01 1.814136740903560963e+01 1.712086419841644513e+01 1.630239973077063809e+01
5.110823342893240095e+01 3.787409621442358798e+01 3.052659084741971540e+01 2.582138453264517963e+01 2.263498691627577486e+01 2.035417854794912529e+01 1.870467511520921278e+01 1.746244415048401777e+01 1.650602455533231705e+01 1.575564239748111817e+01
4.987850052536645507e+01 3.664926614495285406e+01 2.940063600030933344e+01 2.479264580908495219e+01 2.169357091673255056e+01 1.953763806435703287e+01 1.797035484857988408e+01 1.680817632822883922e+01 1.592427144242719805e+01 1.523729221833656489e+01
4.856696972039242155e+01 3.540423572926355433e+01 2.822770573079939993e+01 2.375232374682274994e+01 2.078011580017032500e+01 1.872791675080124207e+01 1.726581071377447785e+01 1.618641859454904974e+01 1.538165064592153541e+01 1.476323835238498106e+01
4.720471960788140109e+01 3.411514509863181388e+01 2.706393045762192173e+01 2.273339501733079970e+01 1.989146517809922443e+01 1.795564097231796552e+01 1.660998199405967313e+01 1.561576612485922411e+01 1.488650159065011636e+01 1.434301615038218181e+01
4.579545278341722536e+01 3.277058342674278180e+01 2.590003870012619913e+01 2.171243234801683997e+01 1.904730816531015947e+01 1.723566598293211882e+01 1.598892902032689989e+01 1.510367345687731522e+01 1.445678240407495529e+01 1.395770708405114036e+01
4.431680641021547018e+01 3.141157945231715232e+01 2.473638505969799439e+01 2.073893762098693472e+01 1.822311053212005305e+01 1.656834516616953934e+01 1.544490597358322503e+01 1.466725941598520855e+01 1.408535035829311433e+01 1.362453970426450134e+01
4.282274521377840415e+01 3.006320776802017392e+01 2.357569442476566834e+01 1.980336382535638506e+01 1.746841748999788280e+01 1.597369399836158976e+01 1.498197022391349087e+01 1.427321239589744728e+01 1.374638809507224835e+01 1.332409150044691160e+01
4.126945575463093263e+01 2.874684166708846789e+01 2.245869842787261561e+01 1.891374451116013944e+01 1.678898252990788720e+01 1.545984106232462807e+01 1.456877554145085085e+01 1.392577623054264357e+01 1.344024004234574932e+01 1.304780382591368770e+01
3.971375940769536328e+01 2.742871213918370188e+01 2.139364725645105736e+01 1.809858773218569539e+01 1.619996956563694468e+01 1.501556448084758699e+01 1.420415798326227730e+01 1.360932115296537326e+01 1.316590608546725960e+01 1.279866888303537209e+01
3.811897156151103161e+01 2.613453784792276835e+01 2.039179410051843533e+01 1.735977940393611973e+01 1.569540456666209316e+01 1.462919797706981839e+01 1.386328963251272128e+01 1.331636272449373237e+01 1.290311421602221564e+01 1.255966640444706250e+01
3.654758873287674703e+01 2.487824039238859086e+01 1.946042658520046231e+01 1.676200763274812644e+01 1.524541200419316311e+01 1.427122473843819606e+01 1.355860510374857775e+01 1.304886775509906194e+01 1.265400089060732292e+01 1.232986989059344296e+01
3.498480296443721471e+01 2.365865482479621917e+01 1.862337435708136013e+01 1.623071758758780803e+01 1.485133276663504809e+01 1.393550309682860444e+01 1.327321958463324414e+01 1.279315975081733114e+01 1.241526177123681762e+01 1.211327247125797157e+01
3.344716128792948240e+01 2.248726002701537396e+01 1.791116227550773488e+01 1.576286695020939277e+01 1.449802684270087916e+01 1.363236719770387673e+01 1.300538026205924602e+01 1.255174331314185210e+01 1.219032624660020936e+01 1.190410689713583459e+01
3.190799077753849744e+01 2.142483258431181881e+01 1.730603558297163502e+01 1.534676507150541980e+01 1.415912029046350540e+01 1.334527773603276835e+01 1.275142218991780219e+01 1.232077608128332002e+01 1.196668291087444302e+01 1.170392973686497307e+01
3.043638886613043582e+01 2.046049703187625823e+01 1.678050345920132358e+01 1.496200652908546758e+01 1.384409067152000361e+01 1.307508003172204170e+01 1.251837158694924845e+01 1.209984891535749973e+01 1.176253278717641848e+01 1.151212042442571537e+01
2.905209458325250083e+01 1.962254329071664927e+01 1.630868466723032739e+01 1.460483721294804305e+01 1.354937842829006023e+01 1.281740349007628410e+01 1.228748504506402561e+01 1.188829104881033949e+01 1.156528093683549230e+01 1.133268123872201727e+01
2.766779569329454347e+01 1.891512769991267717e+01 1.586071746959381557e+01 1.427165341092582196e+01 1.327261621864634655e+01 1.258191448237979770e+01 1.206763123106371616e+01 1.168505603460742925e+01 1.137535587609403898e+01 1.115053832173509107e+01
2.636554948746806559e+01 1.830267797184719925e+01 1.546190410951895977e+01 1.395633115151090031e+01 1.300533102403653629e+01 1.234653597605759678e+01 1.185728930382663648e+01 1.148786625456859412e+01 1.119125702668924305e+01 1.097638981804373515e+01
2.512358006117268516e+01 1.775223528074445056e+01 1.509168966441988324e+01 1.365732427780390346e+01 1.275015531460749685e+01 1.211837604294285420e+01 1.165133766065967080e+01 1.129780709202173661e+01 1.102152897088625316e+01 1.080772645325927783e+01
2.395838846867466287e+01 1.727403273569202824e+01 1.474253273375328277e+01 1.336772767063321155e+01 1.250389815377311642e+01 1.189789868513707383e+01 1.145263512337045597e+01 1.112425245404864427e+01 1.084927229889409439e+01 1.064359567317291067e+01
2.291780212428674091e+01 1.681508644026981258e+01 1.441106966550838564e+01 1.309719931776688817e+01 1.226779941292744702e+01 1.168658597171861580e+01 1.126030384356230485e+01 1.094520116592833503e+01 1.067974875291018755e+01 1.048406179134019567e+01
2.203959502535063564e+01 1.638008066412280073e+01 1.411687306491805316e+01 1.283753750315955422e+01 1.204013212727405246e+01 1.148223138512593877e+01 1.107373260106697188e+01 1.077195199658062208e+01 1.051898310176855844e+01 1.032912995464108974e+01
2.127344368984050860e+01 1.595314656324856273e+01 1.381802790174629436e+01 1.258859691543256432e+01 1.182156976788818703e+01 1.128408747854388494e+01 1.089246900674586627e+01 1.059607185275413244e+01 1.036048365947263683e+01 1.017791798637412626e+01
2.059404915342153330e+01 1.557354790470690453e+01 1.352836468124647418e+01 1.234706986343600477e+01 1.160881264270657631e+01 1.109269726341542572e+01 1.071913439681103419e+01 1.043199276152943256e+01 1.020535447563380949e+01 1.002950354813262557e+01
1.995709575653231482e+01 1.521161290779370567e+01 1.325241684488991112e+01 1.211616275517208940e+01 1.140399597998996128e+01 1.090740454752746125e+01 1.054711077858122970e+01 1.027219603779472656e+01 1.005423764610250892e+01 9.884536338761865437e+00
1.938941158882118643e+01 1.486365699417313913e+01 1.298692094728440871e+01 1.190294539871434765e+01 1.120415286779840436e+01 1.072822180977776974e+01 1.037778633277717333e+01 1.011652899604976952e+01 9.906990519334840428e+00 9.755280158088924125e+00
1.886331474620634552e+01 1.453631971717778981e+01 1.273114192972831304e+01 1.168703485995557578e+01 1.101171344915344363e+01 1.055394085280754446e+01 1.021602930225693839e+01 9.964688398218877197e+00 9.763211153531715425e+00 9.617595816433141209e+00
1.837204464790670499e+01 1.422464816483145178e+01 1.248362460471259894e+01 1.146357111059586487e+01 1.082708429040790676e+01 1.039235492844557029e+01 1.005807742060258825e+01 9.815839471844403974e+00 9.622935636977533846e+00 9.482940869198307254e+00
1.790565033346841517e+01 1.392141929813833734e+01 1.224553192026092674e+01 1.126094986955790489e+01 1.064472883130742709e+01 1.021736697856203158e+01 9.904418012788489989e+00 9.671044989479657517e+00 9.485790576864649992e+00 9.345859510748402599e+00
1.745806531829417452e+01 1.364597637456753354e+01 1.201240952493826342e+01 1.106410958290779156e+01 1.046873376152914581e+01 1.005474838605016075e+01 9.752930085014455130e+00 9.528305086848586569e+00 9.351916503321186624e+00 9.218906643639734000e+00
1.703412182868624569e+01 1.336156509113234314e+01 1.178704717536404800e+01 1.087252313333377884e+01 1.027823358182636149e+01 9.897428588661991711e+00 9.604759446891748098e+00 9.390988484790007362e+00 9.220878553280256185e+00 9.092770899135334872e+00
1.661991004771324398e+01 1.310405527998941899e+01 1.156950373807506871e+01 1.068649055232799228e+01 1.013577046636379464e+01 9.744337474595788251e+00 9.463604840677179553e+00 9.255128254881624272e+00 9.092902288076890827e+00 8.970192146229308605e+00
1.623101004410805359e+01 1.284485065298052220e+01 1.135774313746495068e+01 1.050729383102429892e+01 9.974839480516109802e+00 9.595423756820892436e+00 9.321183321125154464e+00 9.123737361272782564e+00 8.967807522394096509e+00 8.850389446226913037e+00
1.586471541218750581e+01 1.259363214412785048e+01 1.115361798024040318e+01 1.033049029994483803e+01 9.816645539215135940e+00 9.448165401310705036e+00 9.185306893158699637e+00 8.994974282965156220e+00 8.845178534760844258e+00 8.722532967320397290e+00
1.551434028077949634e+01 1.235087535119821212e+01 1.093302631654001189e+01 1.015888753513472054e+01 9.662338022639124446e+00 9.306472716603666484e+00 9.051068228402384008e+00 8.869188925209776642e+00 8.726188386322682788e+00 8.609378510999910361e+00
1.518257768084219883e+01 1.210544838452094218e+01 1.074019566152977845e+01 9.991805740161616711e+00 9.512160713361735631e+00 9.168065964207018581e+00 8.921292546753354813e+00 8.752379675027764705e+00 8.617791570700346071e+00 8.505183702065586715e+00
1.485644617211364960e+01 1.187813278926535787e+01 1.055284807075037889e+01 9.828934968985686638e+00 9.365744191217101999e+00 9.016569358613537588e+00 8.786874764958826134e+00 8.622321732107852910e+00 8.500652206339694317e+00 8.396299919423492852e+00
