1.127204718795163885e+01 7.552581491840197891e+00 5.823812209021292041e+00 4.818154112365067299e+00 4.169367057073616323e+00 3.721517632636446749e+00 3.394724092102680224e+00 3.146728041972146617e+00 2.952701022838917666e+00 2.795618504153011941e+00
1.201668972620020526e+01 8.123339153814356450e+00 6.291358496735970363e+00 5.216254292973472317e+00 4.516256634055314301e+00 4.029009734110979402e+00 3.673354083849059037e+00 3.403333765374556119e+00 3.190668655955648969e+00 3.019109172910554584e+00
1.277421163881361466e+01 8.707228150735499383e+00 6.774704074905225859e+00 5.630173629488633757e+00 4.877390443247706209e+00 4.351351066236707865e+00 3.965651972205447073e+00 3.671329609402694594e+00 3.440085429293746611e+00 3.253651284363434648e+00
1.353815053445595673e+01 9.302660011259435535e+00 7.271271521512175262e+00 6.057879738074133158e+00 5.254048329068720768e+00 4.687599272585919685e+00 4.269956390687064562e+00 3.951973057438466608e+00 3.701760394750724714e+00 3.499316674335005928e+00
1.430855735808017570e+01 9.905484584384566915e+00 7.779190931395792319e+00 6.498329463843176335e+00 5.643740600128163365e+00 5.036660791243577684e+00 4.588081292614249129e+00 4.245058056120922352e+00 3.974167983810588556e+00 3.754876327376419187e+00
1.508716584085293455e+01 1.051525509860218932e+01 8.297186773193541143e+00 6.950537425888986043e+00 6.044822651177335970e+00 5.399320351570163545e+00 4.918161815574420892e+00 4.549413472785972523e+00 4.256614720812638808e+00 4.019123926311799266e+00
1.587394088770294687e+01 1.113402477984083028e+01 8.824025892761914847e+00 7.412458259212067802e+00 6.458215729385266890e+00 5.771887076907383118e+00 5.258912426390403461e+00 4.862010653207617494e+00 4.548355827467688961e+00 4.293947429695745832e+00
1.666754918015259435e+01 1.175998012465794496e+01 9.358589153866772037e+00 7.883404877752250961e+00 6.879652983568218971e+00 6.153449628779990910e+00 5.607298432863041526e+00 5.184644073672823872e+00 4.849963517633528731e+00 4.578360841030123751e+00
1.746094418766940137e+01 1.239140063468359365e+01 9.899393611044752461e+00 8.360660863741717463e+00 7.308721245063694028e+00 6.542895838418028021e+00 5.965159984952940420e+00 5.517919995370570874e+00 5.160893786941402439e+00 4.869831049080410423e+00
1.826199276657317228e+01 1.302459118668853399e+01 1.044407208408860832e+01 8.843416597861603279e+00 7.742379898832224328e+00 6.939236880955418130e+00 6.331843655515151603e+00 5.857670926595402783e+00 5.477808139127525067e+00 5.169987451292326952e+00
1.905355904925746557e+01 1.366207163752334885e+01 1.099383083186216759e+01 9.331650129073127076e+00 8.181791562521688377e+00 7.342322031398455628e+00 6.704523489508900980e+00 6.203917023958304355e+00 5.803452063965492513e+00 5.478317582036971167e+00
1.985177745768240598e+01 1.429795754148745246e+01 1.154260440952662314e+01 9.820201128848065508e+00 8.626348336366483238e+00 7.750216395037846873e+00 7.081377437403370223e+00 6.556898332813526409e+00 6.136242101380152469e+00 5.792085870920080204e+00
2.064712753481957108e+01 1.493196758544734770e+01 1.209463248907602129e+01 1.031094572534265552e+01 9.070678078634662356e+00 8.163630361411426506e+00 7.462362678746449873e+00 6.915457151068727271e+00 6.472992413383356514e+00 6.110780980225512415e+00
2.143366900672501174e+01 1.556538036283875392e+01 1.264455655909297249e+01 1.080164911085471324e+01 9.519463237822014534e+00 8.573255757976866676e+00 7.848858623770037291e+00 7.274778888994849702e+00 6.813491416801851663e+00 6.432722565778918877e+00
2.222374083365748376e+01 1.620264354015468555e+01 1.319196483959202126e+01 1.129268655671550547e+01 9.968451557521717632e+00 8.986327518401534320e+00 8.235915811162529465e+00 7.638939752900740565e+00 7.156351892557279548e+00 6.759509713823140586e+00
2.301098685537871091e+01 1.683565250694093507e+01 1.373745173236938832e+01 1.178259880657530978e+01 1.041542838459941400e+01 9.402854162760364787e+00 8.622531534193154101e+00 8.002304055392647442e+00 7.501371204820696192e+00 7.087266474776725111e+00
2.378410659219459333e+01 1.746218585411654090e+01 1.427513528426716505e+01 1.226701633981597972e+01 1.086095459379428085e+01 9.817529382995017428e+00 9.009261343066816252e+00 8.367324209789190448e+00 7.846907980203003952e+00 7.416012591229518058e+00
2.455725632311406414e+01 1.808215838913248774e+01 1.481192618207712819e+01 1.275090247330644644e+01 1.130462727117074984e+01 1.022860825944491125e+01 9.395049628729527313e+00 8.732254561819875249e+00 8.191999832433930706e+00 7.745427418075066406e+00
2.531291240982534418e+01 1.869303175147475571e+01 1.534439339949282477e+01 1.322993708500527532e+01 1.174485549291459563e+01 1.063576344487817060e+01 9.778656213086586391e+00 9.093650445658663983e+00 8.535586331330547338e+00 8.071466896012866599e+00
2.606602834757308429e+01 1.929890876430574664e+01 1.587230721607017259e+01 1.370472086427211345e+01 1.218069392931602124e+01 1.103945585246456851e+01 1.015839930453728712e+01 9.453533412778217127e+00 8.876609743591377111e+00 8.395819813740040161e+00
2.679975669872837329e+01 1.989622486228764231e+01 1.639157265020424248e+01 1.417246934973314332e+01 1.261027425649723632e+01 1.144165305655347531e+01 1.053244340715332505e+01 9.807418929044045441e+00 9.211212383620274835e+00 8.716728015063367252e+00
2.752395902585992715e+01 2.048377845008774045e+01 1.690128036585958426e+01 1.463117511626885481e+01 1.303169754654123835e+01 1.183280671565936437e+01 1.090095011555995619e+01 1.015445152371983539e+01 9.542884059745947667e+00 9.033370880631450106e+00
2.822892109227898061e+01 2.106162737509665916e+01 1.740136800187651289e+01 1.508195983269073892e+01 1.344629628955911826e+01 1.222041176775314675e+01 1.126392402129281933e+01 1.049752109254113641e+01 9.868017974513481505e+00 9.344404978494738501e+00
2.891731095364560744e+01 2.162900049986097173e+01 1.789545199229486272e+01 1.552407358499505996e+01 1.385477554905520137e+01 1.259868054513148294e+01 1.161943460410099149e+01 1.083262624651252715e+01 1.018804052971008289e+01 9.651628110814581163e+00
2.959301821617682648e+01 2.218825947055456282e+01 1.837916099508050038e+01 1.595554778734725510e+01 1.425039465578684705e+01 1.296911640935547538e+01 1.196809280555707566e+01 1.116131777481740528e+01 1.050124133585486064e+01 9.951301262918645918e+00
3.024937524064784711e+01 2.272439988238667752e+01 1.884661516353904176e+01 1.637729751059139716e+01 1.463739891672894622e+01 1.332853603808329090e+01 1.230372540751441335e+01 1.148144358743472893e+01 1.080536290167681202e+01 1.024333467765459993e+01
3.088520352266001012e+01 2.325588413440134872e+01 1.930494001339101828e+01 1.679043243925091744e+01 1.501124882504501201e+01 1.367872532875522928e+01 1.263190355624102779e+01 1.179146762457654241e+01 1.110150610892238809e+01 1.052443599493715709e+01
3.150678382952933987e+01 2.377209030395610156e+01 1.974913251164678840e+01 1.719246903044661678e+01 1.537817051830688619e+01 1.401676694189884564e+01 1.294973198948941295e+01 1.209149957992211988e+01 1.138883036927937376e+01 1.079906685836987457e+01
3.210615735093868039e+01 2.427069696204577198e+01 2.017883316658598858e+01 1.757714868646381134e+01 1.572755392399554353e+01 1.434046474483402278e+01 1.325719952807518354e+01 1.238128393389117043e+01 1.166548162959610835e+01 1.106347944570544506e+01
3.268106214769525764e+01 2.474825090965671492e+01 2.059353603352540674e+01 1.794794152969006262e+01 1.606763774879241780e+01 1.465407737631180041e+01 1.355116044240901907e+01 1.265981748987790034e+01 1.192769957696697425e+01 1.131992070953222118e+01
3.323254030623323274e+01 2.521373873801831422e+01 2.099152038848563251e+01 1.830171924397780003e+01 1.639165471339269686e+01 1.495671168657790950e+01 1.382978908325908307e+01 1.292407502473514391e+01 1.218267270407315905e+01 1.156295764239597013e+01
3.376104199669781281e+01 2.565352808496270143e+01 2.136918016855119973e+01 1.864305404800921551e+01 1.670240474164300082e+01 1.524202192601465100e+01 1.409797576661868668e+01 1.317656989476375884e+01 1.242240400613509799e+01 1.179340077683202637e+01
3.427074391103488438e+01 2.607506063063554791e+01 2.173180825581960818e+01 1.896953930928184207e+01 1.699804679150654252e+01 1.551485805984368938e+01 1.434937262357258980e+01 1.341313420138112633e+01 1.265228660069393207e+01 1.201314796082187542e+01
3.474257852575687622e+01 2.647261480343726703e+01 2.208103338587617159e+01 1.927574752267926073e+01 1.727839888492504627e+01 1.577180030656653642e+01 1.458916576462023151e+01 1.363907596850610915e+01 1.286762355735886487e+01 1.221812107845324746e+01
3.519884909612612489e+01 2.684892294175043048e+01 2.241389224730348673e+01 1.957057616067748995e+01 1.754019486891273871e+01 1.601197291761743813e+01 1.481339436428094558e+01 1.385169793161643348e+01 1.306806544510527068e+01 1.241024049185605804e+01
3.561366776550056557e+01 2.720068162435955017e+01 2.271713065384010477e+01 1.984099469610304922e+01 1.778695391068083254e+01 1.623431150959433111e+01 1.502255756349237714e+01 1.405057682720421219e+01 1.325420028487962476e+01 1.258695632886215954e+01
3.600323848720937292e+01 2.753336594163238260e+01 2.299993892128946271e+01 2.009219370546970751e+01 1.801265493732365996e+01 1.644069105286216370e+01 1.521442317347378115e+01 1.423119810575276212e+01 1.342506316484220719e+01 1.275029343838575180e+01
3.635717469732040996e+01 2.783424944878798613e+01 2.326091798042256187e+01 2.032159492752453289e+01 1.822007944155440029e+01 1.663201069146228050e+01 1.538909140865684577e+01 1.439947292929852551e+01 1.358138035254343379e+01 1.289835136764761714e+01
3.667811653541225070e+01 2.811309858957191210e+01 2.350043365175970678e+01 2.053042161718114400e+01 1.840894602586894635e+01 1.680198515898124967e+01 1.554659343299372232e+01 1.454675860430371870e+01 1.372171456793896205e+01 1.303146002512147739e+01
3.696789081827384393e+01 2.835886448575275054e+01 2.370505814748896256e+01 2.071776720222527501e+01 1.857533861854425439e+01 1.695269772804926234e+01 1.568525438293527863e+01 1.467674944565108852e+01 1.384372509248155936e+01 1.314757122046407645e+01
3.721843111130579729e+01 2.857412776640646612e+01 2.389204254047159637e+01 2.087874871805926702e+01 1.871980637677721759e+01 1.708304979679526170e+01 1.580587350463608942e+01 1.478675037715375318e+01 1.394835246976404619e+01 1.324683941354629901e+01
3.743197611403304137e+01 2.876482780341715184e+01 2.404388975171891474e+01 2.101177240568084414e+01 1.883903492198412266e+01 1.719129892264639636e+01 1.590272417017676787e+01 1.487745869009666499e+01 1.403357160906496048e+01 1.332794247724333481e+01
3.761174344764629751e+01 2.891554121887113737e+01 2.416936268844509073e+01 2.111821941454148543e+01 1.893031187388078607e+01 1.727631099271945914e+01 1.598001201446629338e+01 1.494358977288749735e+01 1.409669617793529639e+01 1.338863960011805254e+01
3.775497359740322167e+01 2.902753844882267487e+01 2.426284490139962458e+01 2.119654949855489079e+01 1.899672431697333508e+01 1.733198233130789490e+01 1.603003640104771677e+01 1.498775512136443844e+01 1.413732722457084812e+01 1.342758194746811462e+01
3.784966411228582217e+01 2.911084683593206890e+01 2.432222694214527081e+01 2.123879618303144312e+01 1.902714223153969186e+01 1.735777671677104905e+01 1.605121178539510751e+01 1.500443892763354015e+01 1.415152883698215014e+01 1.344023309037214098e+01
3.790675481331640384e+01 2.915324793621292798e+01 2.434552196104926836e+01 2.124902264299167598e+01 1.902892101653902301e+01 1.735229270028169068e+01 1.604054232284912374e+01 1.498919299645425696e+01 1.413601888931363071e+01 1.342451088015924121e+01
3.792743173603356865e+01 2.915244249031327328e+01 2.433143439153671039e+01 2.122186258088855482e+01 1.899348543530393485e+01 1.731202884314683033e+01 1.599636488602248718e+01 1.494402309302940424e+01 1.408823894052410353e+01 1.337757723901498963e+01
3.790750681270067446e+01 2.911091743677617316e+01 2.427405687359368258e+01 2.115223898395142044e+01 1.892053342990223186e+01 1.723343382766145382e+01 1.591514207090777333e+01 1.486170616274873701e+01 1.400502725084788658e+01 1.329554884391042613e+01
3.783219278023688048e+01 2.902309718266808503e+01 2.417556044724909725e+01 2.104532884895598954e+01 1.880569385780430025e+01 1.711578564278418924e+01 1.579574681205910025e+01 1.474094104360375290e+01 1.388425125141071703e+01 1.317651925379548850e+01
3.771480654894907758e+01 2.889233513235963002e+01 2.403238181503985516e+01 2.089372651497933120e+01 1.864713360941406961e+01 1.695234271987255426e+01 1.563249041528678163e+01 1.458004656744519068e+01 1.372373075275458376e+01 1.302173585765655517e+01
3.754383964479200841e+01 2.871325423940723809e+01 2.384576723449783486e+01 2.069381571842608025e+01 1.844072568619606045e+01 1.674608200571875827e+01 1.542737664703024336e+01 1.437824037840661795e+01 1.352572717715703732e+01 1.282655958590153134e+01
3.732298235489047045e+01 2.848456962563377814e+01 2.360324637234440814e+01 2.044325170388286850e+01 1.818922516610368234e+01 1.649871845803071935e+01 1.517888846140610859e+01 1.413445254774883253e+01 1.329022143339211226e+01 1.259981284480387664e+01
3.705494851352163721e+01 2.820288149656155596e+01 2.330834791564135600e+01 2.014415383681434690e+01 1.788633169860600702e+01 1.620335088047177408e+01 1.489199439853524431e+01 1.385123657239549821e+01 1.301558588606179256e+01 1.233628844478410613e+01
3.673692738332565000e+01 2.787017538132756656e+01 2.295704880024168659e+01 1.979285196402240388e+01 1.753511427149097912e+01 1.586035365214401871e+01 1.455850508362110673e+01 1.353582130144722839e+01 1.271469360518602798e+01 1.204320842556804649e+01
3.635558730013260487e+01 2.747820386604291087e+01 2.255610395284303138e+01 1.938452521423297981e+01 1.713737624109084479e+01 1.546956722290395447e+01 1.418655473007982870e+01 1.318166265322908970e+01 1.237664485651358603e+01 1.172457652022481511e+01
3.592738256052122381e+01 2.703378375467143258e+01 2.210398033500752391e+01 1.892635318577639580e+01 1.669437521004352831e+01 1.503821806044446419e+01 1.378582156370209155e+01 1.279593906663309610e+01 1.201428989625468979e+01 1.138434407242031909e+01
3.544255047699375893e+01 2.652122023126840134e+01 2.159969777004547709e+01 1.841411784427945975e+01 1.620333346958674881e+01 1.457229975282655943e+01 1.333774856711707812e+01 1.239136119945479386e+01 1.163233177284102560e+01 1.102980838355664872e+01
3.489988665842946602e+01 2.596546675467698151e+01 2.104131219553767451e+01 1.786197879222874718e+01 1.567187711364627134e+01 1.407370341039889894e+01 1.287094680872075969e+01 1.196086216955035297e+01 1.124317913417494985e+01 1.066561322077201979e+01
3.429782900226695119e+01 2.534545123864998573e+01 2.043257844529799527e+01 1.727181813893878015e+01 1.511577891192206735e+01 1.355487379737888531e+01 1.239493624589806231e+01 1.152177495872047430e+01 1.084300905239097901e+01 1.030397954891460088e+01
3.363997644576277679e+01 2.466240832318662513e+01 1.977438162702037516e+01 1.664898115789647903e+01 1.452681343882834852e+01 1.302106062046535584e+01 1.191067669592042400e+01 1.108059533101573635e+01 1.044450081189927992e+01 9.948245090120110490e+00
3.292366608446117482e+01 2.394185556288722339e+01 1.908021351091741025e+01 1.599674229010244453e+01 1.392479551805749516e+01 1.248520588211440696e+01 1.142811070437455889e+01 1.064169082679629952e+01 1.005572665985767244e+01 9.598628060008017826e+00
3.214513239950445467e+01 2.317134706819027201e+01 1.835215343390084897e+01 1.533273380533509744e+01 1.332461982863378225e+01 1.194672501986737601e+01 1.095576533775433425e+01 1.022874000014285478e+01 9.685383665614715198e+00 9.260203854642483634e+00
3.130470438351971652e+01 2.236027157102590834e+01 1.759656361467179408e+01 1.465135002756011673e+01 1.273265364748264972e+01 1.141988495802342563e+01 1.049406819058568630e+01 9.829920652564064554e+00 9.337816864204413037e+00 8.953885305611464673e+00
3.043119520434470360e+01 2.151207991089085070e+01 1.682403461075599083e+01 1.398473823528322235e+01 1.214623012136648761e+01 1.091603271968299183e+01 1.006996383237388848e+01 9.462780392844006627e+00 9.017381141896601449e+00 8.678274473586457205e+00
2.950394167524312650e+01 2.061617111463753815e+01 1.604091416875915854e+01 1.331200996470385611e+01 1.159289279631651404e+01 1.045539293529779457e+01 9.676268792229658189e+00 9.131113855720094818e+00 8.737030695412562054e+00 8.439442085342879096e+00
2.853190628832969011e+01 1.971220643088585334e+01 1.524442090005279304e+01 1.266034194863622275e+01 1.105901870725604574e+01 1.002170106438929764e+01 9.326324196103110253e+00 8.843726249215620783e+00 8.497204300898490104e+00 8.228414576951003312e+00
2.752013551703639749e+01 1.879894861875134282e+01 1.447133450371645402e+01 1.202723257541989454e+01 1.056278428019091997e+01 9.636651592071038053e+00 9.026462774270687106e+00 8.598804397081288187e+00 8.284756213283909432e+00 8.050691786115475423e+00
2.646764321930285391e+01 1.787813715347128962e+01 1.372031606179982610e+01 1.142825100463908150e+01 1.010878095480855166e+01 9.307134774287879608e+00 8.768834776534163211e+00 8.392957950188865368e+00 8.102496842962288781e+00 7.881916303293684756e+00
2.540045794745917718e+01 1.697142831015206355e+01 1.299789674659261607e+01 1.089385708561657573e+01 9.732580406341677204e+00 9.027077661669871134e+00 8.541365425518176124e+00 8.196706544240781156e+00 7.926717555807371696e+00 7.721829728664227233e+00
2.431732241165311592e+01 1.608865938711274168e+01 1.231483155993749179e+01 1.042295435944819459e+01 9.412680037885102990e+00 8.782078547269628999e+00 8.335583471995196447e+00 8.016623093104122688e+00 7.764415897050125359e+00 7.579386752481422462e+00
2.320913905289119583e+01 1.523345088810829040e+01 1.169505503433721394e+01 1.003494368550093974e+01 9.142072147895067502e+00 8.561320933647003528e+00 8.146716284007389675e+00 7.848393452140121518e+00 7.612274922167302726e+00 7.436908716394863283e+00
2.211974451069441017e+01 1.439949285449218763e+01 1.116639939527216363e+01 9.709056960953613924e+00 8.896548198170524557e+00 8.356985620386739200e+00 7.970813046682319047e+00 7.691112635667349373e+00 7.468320015002752221e+00 7.302754780844809446e+00
2.103865926798720665e+01 1.362320218417621120e+01 1.071841380245189335e+01 9.428827086959721271e+00 8.672247888978935393e+00 8.166832042160400817e+00 7.806384013826342283e+00 7.541178983291947802e+00 7.337024822197089513e+00 7.175260640222089314e+00
1.998234437727449375e+01 1.290220922265539194e+01 1.034484959043124164e+01 9.169418401167998667e+00 8.464235222688008875e+00 7.988940425530866030e+00 7.648945847499819095e+00 7.399171514344921263e+00 7.206741710449006355e+00 7.052308221457629145e+00
1.894400213235631369e+01 1.226013907933733194e+01 1.001936179800146043e+01 8.933222434451463911e+00 8.270654357781374699e+00 7.825186418627636087e+00 7.501156266359737756e+00 7.263756105984861655e+00 7.080028145554116747e+00 6.934579670025285303e+00
1.794824772142096592e+01 1.172651728985564645e+01 9.721967922962070574e+00 8.714657287794208784e+00 8.088538334393353679e+00 7.666039344003971578e+00 7.359077287707005866e+00 7.141587900025937685e+00 6.959214865796631067e+00 6.820495088810312190e+00
1.697559850748525534e+01 1.127844298119480904e+01 9.464094109652599229e+00 8.511032041574951634e+00 7.915305443189253332e+00 7.515327896068445312e+00 7.221950221735416342e+00 7.016302841354521647e+00 6.842845775048643553e+00 6.711119651442268186e+00
1.606512509775751951e+01 1.090055241844582312e+01 9.220243589149260899e+00 8.318786821985172608e+00 7.749797397223099793e+00 7.371032399070137409e+00 7.100485060750849620e+00 6.887247270870433979e+00 6.730034324060028439e+00 6.604050383294380211e+00
1.521061725379052909e+01 1.056233707064539296e+01 8.992098823920761319e+00 8.137055838323856705e+00 7.592562713043922606e+00 7.244928852398391683e+00 6.971751725070589600e+00 6.770587921220292849e+00 6.620659821185993721e+00 6.500787102858775590e+00
1.441817042720433051e+01 1.025395423735011491e+01 8.776607701961907537e+00 7.962894652646388849e+00 7.442019671774789735e+00 7.111459117605653191e+00 6.850710491513221534e+00 6.658600567934404246e+00 6.514730878534249037e+00 6.405493278056724193e+00
1.371558387301224613e+01 9.967372772859897978e+00 8.572817030831005880e+00 7.797551428838452203e+00 7.298842204188768612e+00 6.982717684521894341e+00 6.732417554931554804e+00 6.549157394461195381e+00 6.412148910780669731e+00 6.301216259612645310e+00
1.315388115331065855e+01 9.704194744048578514e+00 8.379591897027726333e+00 7.639092079140430869e+00 7.161441035984032588e+00 6.858449552550633932e+00 6.619000377649669531e+00 6.442768112017666304e+00 6.317661059917309530e+00 6.213172547103272159e+00
1.267164399791015583e+01 9.457095166030143218e+00 8.194601327883699327e+00 7.481517565119911950e+00 7.028376749675389945e+00 6.726149136371968318e+00 6.509021167407741615e+00 6.345682503560013288e+00 6.220811406097642049e+00 6.121013347870324139e+00
1.224262313587123963e+01 9.223452354694428479e+00 8.017287155430320666e+00 7.336055329506244505e+00 6.899323155577566702e+00 6.608856448702401742e+00 6.401706334959085254e+00 6.243835374765794199e+00 6.125635838765453478e+00 6.025345980750397068e+00
1.185324434448082442e+01 9.004313018561106219e+00 7.848964892956905359e+00 7.194576584491763072e+00 6.783624016318177574e+00 6.495812202006695735e+00 6.296980911818987892e+00 6.146047636899379718e+00 6.032904831369279464e+00 5.937506397425649673e+00
1.149685173364294499e+01 8.795598853006913131e+00 7.686935981009288099e+00 7.057375362279096009e+00 6.663993715115538841e+00 6.385757735186674111e+00 6.195715941136467286e+00 6.050134617489709044e+00 5.942732826573549509e+00 5.851624394210156233e+00
1.116254624579887000e+01 8.596293195065833004e+00 7.530813772093646108e+00 6.925451166538556080e+00 6.547773810744726752e+00 6.279662959406874911e+00 6.096616757410666665e+00 5.957599587400138397e+00 5.854726834360443277e+00 5.776041371898989141e+00
1.085224283255818456e+01 8.404443509172393689e+00 7.379511729333013470e+00 6.797562510602582542e+00 6.434510924501757323e+00 6.176309025085195969e+00 6.001206275477856344e+00 5.867390889917588837e+00 5.768695572108899938e+00 5.686426452091651207e+00
1.056594921272267307e+01 8.222126315004333108e+00 7.234181342414867544e+00 6.686994897115054570e+00 6.324575815198291373e+00 6.075881811291532486e+00 5.906249888385970870e+00 5.779382728332426389e+00 5.685220730656237897e+00 5.605629495267751672e+00
1.029348336772723727e+01 8.046244891164006319e+00 7.093935451185792829e+00 6.566838570939986575e+00 6.217827851333089129e+00 5.977964421280760554e+00 5.815112762969860682e+00 5.687530119012349950e+00 5.602382749577112797e+00 5.528046011519752057e+00
1.003608255972255670e+01 7.877389110281815654e+00 6.957453701148057057e+00 6.449938146976283093e+00 6.113435329707071375e+00 5.882703743406499264e+00 5.725571293561626085e+00 5.603514477401043692e+00 5.522427663233230533e+00 5.451087712065278090e+00
9.790748074800738721e+00 7.713751835655936695e+00 6.824496846301693509e+00 6.334965549530831019e+00 6.012150159531682192e+00 5.790051416143088048e+00 5.638848432917970221e+00 5.521879196527756939e+00 5.444391335536672649e+00 5.376313503799788229e+00
9.557230226254386452e+00 7.556694173333681874e+00 6.696301228613260825e+00 6.225009810772482943e+00 5.913659631856610588e+00 5.699537147934642611e+00 5.554662549040172870e+00 5.442391769391137224e+00 5.368350568469990591e+00 5.303134007995518040e+00
9.332276457545967574e+00 7.404215390332928415e+00 6.572723100110676064e+00 6.116832007437483121e+00 5.817769158026607990e+00 5.611433211087087258e+00 5.472494451200095256e+00 5.363662069083095396e+00 5.292630247153457645e+00 5.232196074507177386e+00
9.118672155826876846e+00 7.256718970432647353e+00 6.451589709487103086e+00 6.012931209867911519e+00 5.724363307468389728e+00 5.525328452134080415e+00 5.391861370742374149e+00 5.287780999056480802e+00 5.219875698813888576e+00 5.162202649815493594e+00
8.913100784211316352e+00 7.114041657546518849e+00 6.334350299765071135e+00 5.911558831970537220e+00 5.634542439165654670e+00 5.441383533346412449e+00 5.313445115312479317e+00 5.213292269114361055e+00 5.148820445116520261e+00 5.093546442143332520e+00
8.713420150911215245e+00 6.975424126235152400e+00 6.220908066753445098e+00 5.801020267760859106e+00 5.545209108318081448e+00 5.359497871159630833e+00 5.237477757791979549e+00 5.140809613380232790e+00 5.078334721658349871e+00 5.026943847717577185e+00
8.523143280500757868e+00 6.837915598972607256e+00 6.109864693769354815e+00 5.704532882772288538e+00 5.458398475388438698e+00 5.279372890344918190e+00 5.162034460841344874e+00 5.069261406204509157e+00 5.010908158247000088e+00 4.960976898135663227e+00
8.337139675145190054e+00 6.708408879694527371e+00 6.001966104957034531e+00 5.611518589788934364e+00 5.372844495190324920e+00 5.201831681928726248e+00 5.088626811323855748e+00 5.000284735178548878e+00 4.944070186409897261e+00 4.896764497656281634e+00
8.159948884605560337e+00 6.581472668248275149e+00 5.898999978843924019e+00 5.520504620809265184e+00 5.290120271832746468e+00 5.124215818819437551e+00 5.016979968977635984e+00 4.932304488697856648e+00 4.878663387701092091e+00 4.833951848246432093e+00
